model,organelle,dataset,dataset_label,crop_id,coverage,voxel_nm,source_image,infer_s,dice,iou,precision,recall,f1,accuracy,specificity,tp,fp,fn,tn,gt_area,pred_area,eval_area,gt_frac,cldice,boundary_f1,status,inst_n_pred,inst_n_gt,inst_precision@0.5,inst_recall@0.5,inst_f1@0.5,inst_ap@0.5,inst_precision@0.75,inst_recall@0.75,inst_f1@0.75,inst_ap@0.75,inst_pq,inst_sq,inst_rq
mitonet,mito,deepcontact_tem,DeepContact-TEM,tem_00000,sparse,4.68,20180115_B1_1_10.jpg,1.146,0.610267,0.439125,0.541011,0.699857,0.610267,0.997537,0.998359,32353,27448,13875,16703540,46228,59801,1238472,0.037327,0.620997,0.55884,ok,,,,,,,,,,,,,
mitonet,mito,deepcontact_tem,DeepContact-TEM,tem_00001,sparse,4.68,20180115_B1_1_19.jpg,3.359,0.610743,0.439618,0.660513,0.567947,0.610743,0.997246,0.998885,36243,18628,27571,16694774,63814,54871,1270392,0.050232,0.67134,0.606484,ok,,,,,,,,,,,,,
mitonet,mito,deepcontact_tem,DeepContact-TEM,tem_00002,sparse,4.68,20180115_B1_1_20.jpg,0.489,0.462032,0.300417,0.466212,0.457927,0.462032,0.998501,0.999262,10797,12362,12781,16741276,23578,23159,530910,0.044411,0.418878,0.40436,ok,,,,,,,,,,,,,
mitonet,mito,deepcontact_tem,DeepContact-TEM,tem_00003,sparse,4.68,20180115_B1_1_28.jpg,0.204,0.584393,0.412822,0.740495,0.482648,0.584393,0.996058,0.999023,46492,16293,49835,16664596,96327,62785,896660,0.107429,0.67295,0.578821,ok,,,,,,,,,,,,,
mitonet,mito,deepcontact_tem,DeepContact-TEM,tem_00004,sparse,4.68,20180115_B1_1_30.jpg,0.241,0.676379,0.511007,0.855335,0.559351,0.676379,0.995934,0.999276,71287,12057,56159,16637713,127446,83344,1226745,0.10389,0.731244,0.670744,ok,,,,,,,,,,,,,
mitonet,mito,deepcontact_tem,DeepContact-TEM,tem_00005,sparse,4.68,20180115_B1_1_32.jpg,0.21,0.417495,0.263819,0.533611,0.342883,0.417495,0.99655,0.998916,20742,18129,39751,16698594,60493,38871,816384,0.074099,0.471146,0.447955,ok,,,,,,,,,,,,,
mitonet,mito,deepcontact_tem,DeepContact-TEM,tem_00006,sparse,4.68,20180115_B7_1_09.jpg,0.186,0.627839,0.457555,0.842187,0.500464,0.627839,0.99638,0.999424,51226,9599,51131,16665260,102357,60825,1282930,0.079784,0.628981,0.567563,ok,,,,,,,,,,,,,
mitonet,mito,deepcontact_tem,DeepContact-TEM,tem_00007,sparse,4.68,20180115_B7_1_10.jpg,0.164,0.422076,0.267488,0.404907,0.440766,0.422076,0.996719,0.998234,20102,29544,25505,16702065,45607,49646,1048092,0.043514,0.461733,0.401606,ok,,,,,,,,,,,,,
mitonet,mito,deepcontact_tem,DeepContact-TEM,tem_00008,sparse,4.68,20180115_B7_1_11.jpg,0.185,0.643616,0.474509,0.839671,0.521785,0.643616,0.996438,0.999382,53964,10304,49458,16663490,103422,64268,1226880,0.084297,0.683895,0.580435,ok,,,,,,,,,,,,,
mitonet,mito,deepcontact_tem,DeepContact-TEM,tem_00009,sparse,4.68,20180115_B7_1_15.jpg,0.183,0.401073,0.250838,0.482086,0.34337,0.401073,0.997377,0.999054,14734,15829,28176,16718477,42910,30563,892314,0.048088,0.407895,0.250134,ok,,,,,,,,,,,,,
mitonet,mito,deepcontact_tem,DeepContact-TEM,tem_00010,sparse,4.68,20180115_B7_1_25.jpg,0.227,0.394103,0.24541,0.279895,0.665759,0.394103,0.996862,0.99737,17122,44051,8596,16707447,25718,61173,1014930,0.02534,0.316901,0.21599,ok,,,,,,,,,,,,,
mitonet,mito,deepcontact_tem,DeepContact-TEM,tem_00011,sparse,4.68,20180115_B7_1_30.jpg,0.18,0.059689,0.030763,0.040519,0.113285,0.059689,0.997989,0.998488,1071,25361,8383,16742401,9454,26432,1268552,0.007453,0.085147,0.052691,ok,,,,,,,,,,,,,
mitonet,mito,deepcontact_tem,DeepContact-TEM,tem_00012,sparse,4.68,20180115_B7_1_31.jpg,0.197,0.331496,0.198678,0.429979,0.269719,0.331496,0.995216,0.99842,19902,26384,53886,16677044,73788,46286,879472,0.0839,0.352899,0.172077,ok,,,,,,,,,,,,,
mitonet,mito,deepcontact_tem,DeepContact-TEM,tem_00013,sparse,4.68,20180115_B7_1_40.jpg,0.37,0.645648,0.476721,0.753986,0.564533,0.645648,0.998035,0.999414,30032,9799,23166,16714219,53198,39831,1223712,0.043473,0.539169,0.52496,ok,,,,,,,,,,,,,
mitonet,mito,deepcontact_tem,DeepContact-TEM,tem_00014,sparse,4.68,20180115_B7_1_41.jpg,0.177,0.467678,0.305208,0.474824,0.460743,0.467678,0.996083,0.99809,28866,31927,33785,16682638,62651,60793,938616,0.066748,0.400725,0.434079,ok,,,,,,,,,,,,,
mitonet,mito,deepcontact_tem,DeepContact-TEM,tem_00015,sparse,4.68,20180115_B9_2_setted_01.jpg,0.193,0.346234,0.209361,0.478424,0.271279,0.346234,0.997075,0.999153,12994,14166,34905,16715151,47899,27160,844497,0.056719,0.410802,0.145895,ok,,,,,,,,,,,,,
mitonet,mito,deepcontact_tem,DeepContact-TEM,tem_00016,sparse,4.68,20180115_B9_2_setted_02.jpg,0.156,0.315345,0.187186,0.382404,0.268295,0.315345,0.997393,0.999028,10071,16265,27466,16723414,37537,26336,707350,0.053067,0.321371,0.338839,ok,,,,,,,,,,,,,
mitonet,mito,deepcontact_tem,DeepContact-TEM,tem_00017,sparse,4.68,20180115_B9_2_setted_03.jpg,0.179,0.470025,0.307211,0.46508,0.475075,0.470025,0.996782,0.998354,23940,27535,26452,16699289,50392,51475,1050594,0.047965,0.391317,0.438624,ok,,,,,,,,,,,,,
mitonet,mito,deepcontact_tem,DeepContact-TEM,tem_00018,sparse,4.68,20180115_B9_2_setted_04.jpg,0.18,0.42507,0.269898,0.513534,0.362605,0.42507,0.997623,0.999166,14741,13964,25912,16722599,40653,28705,827200,0.049145,0.361821,0.302592,ok,,,,,,,,,,,,,
mitonet,mito,deepcontact_tem,DeepContact-TEM,tem_00019,sparse,4.68,20180115_B9_2_setted_06.jpg,0.188,0.675087,0.509533,0.944738,0.525186,0.675087,0.997721,0.999861,39713,2323,35904,16699276,75617,42036,1303260,0.058021,0.70749,0.618553,ok,,,,,,,,,,,,,
mitonet,mito,deepcontact_tem,DeepContact-TEM,tem_00020,sparse,4.68,20180115_B9_2_setted_10.jpg,0.18,0.668417,0.501971,0.682742,0.65468,0.668417,0.997756,0.998945,37942,17631,20013,16701630,57955,55573,1239040,0.046774,0.744074,0.537995,ok,,,,,,,,,,,,,
mitonet,mito,deepcontact_tem,DeepContact-TEM,tem_00021,sparse,4.68,20180115_B9_2_setted_16.jpg,0.185,0.565921,0.394624,0.633516,0.51136,0.565921,0.997209,0.998944,30519,17655,29163,16699879,59682,48174,1141690,0.052275,0.492939,0.473014,ok,,,,,,,,,,,,,
mitonet,mito,deepcontact_tem,DeepContact-TEM,tem_00022,sparse,4.68,20180115_B9_2_setted_20.jpg,0.163,0.523307,0.354377,0.664714,0.43151,0.523307,0.996808,0.999113,29391,14825,38721,16694279,68112,44216,944025,0.072151,0.558474,0.311682,ok,,,,,,,,,,,,,
mitonet,mito,deepcontact_tem,DeepContact-TEM,tem_00023,sparse,4.68,20180115_B9_3_Setted_25.jpg,0.192,0.586936,0.415364,0.584241,0.589655,0.586936,0.997256,0.998608,32707,23275,22761,16698473,55468,55982,979080,0.056653,0.567873,0.416139,ok,,,,,,,,,,,,,
mitonet,mito,deepcontact_tem,DeepContact-TEM,tem_00024,sparse,4.68,20180115_B9_4_setted_01.jpg,0.184,0.257069,0.147492,0.177869,0.463409,0.257069,0.998024,0.998418,5737,26517,6643,16738319,12380,32254,769874,0.016081,0.237132,0.22981,ok,,,,,,,,,,,,,
mitonet,mito,deepcontact_tem,DeepContact-TEM,tem_00025,sparse,4.68,20180115_B9_4_setted_02.jpg,0.175,0.575401,0.403904,0.472828,0.734805,0.575401,0.998744,0.99905,14278,15919,5153,16741866,19431,30197,714868,0.027181,0.409391,0.514925,ok,,,,,,,,,,,,,
mitonet,mito,deepcontact_tem,DeepContact-TEM,tem_00026,sparse,4.68,20180115_B9_4_setted_03.jpg,0.185,0.718279,0.560402,0.897625,0.598666,0.718279,0.997986,0.999706,43077,4913,28878,16700348,71955,47990,1157013,0.06219,0.76245,0.722579,ok,,,,,,,,,,,,,
mitonet,mito,deepcontact_tem,DeepContact-TEM,tem_00027,sparse,4.68,20180115_B9_4_setted_04.jpg,0.165,0.812975,0.684884,0.916716,0.730327,0.812975,0.999114,0.999825,32306,2935,11929,16730046,44235,35241,976260,0.045311,0.777241,0.807393,ok,,,,,,,,,,,,,
mitonet,mito,deepcontact_tem,DeepContact-TEM,tem_00028,sparse,4.68,20180115_B9_4_setted_10.jpg,0.179,0.748205,0.597705,0.703216,0.799343,0.748205,0.998,0.998741,49851,21039,12514,16693812,62365,70890,1182384,0.052745,0.814335,0.724707,ok,,,,,,,,,,,,,
mitonet,mito,deepcontact_tem,DeepContact-TEM,tem_00029,sparse,4.68,20180115_B9_4_setted_20.jpg,0.182,0.67521,0.509673,0.719135,0.636342,0.67521,0.998307,0.999311,29532,11534,16877,16719273,46409,41066,989109,0.04692,0.731848,0.649198,ok,,,,,,,,,,,,,
mitonet,mito,deepcontact_tem,DeepContact-TEM,tem_00030,sparse,4.68,20180115_B9_5_setted_01.jpg,0.153,0.773327,0.630426,0.968949,0.643425,0.773327,0.998348,0.999909,47275,1515,26199,16702227,73474,48790,1315275,0.055862,0.82197,0.775162,ok,,,,,,,,,,,,,
mitonet,mito,deepcontact_tem,DeepContact-TEM,tem_00031,sparse,4.68,20180115_B9_5_setted_02.jpg,0.18,0.678644,0.513597,0.55725,0.867658,0.678644,0.998802,0.998993,21229,16867,3238,16735882,24467,38096,586282,0.041732,0.688905,0.590425,ok,,,,,,,,,,,,,
mitonet,mito,deepcontact_tem,DeepContact-TEM,tem_00032,sparse,4.68,20180115_B9_5_setted_03.jpg,0.188,0.617214,0.446355,0.74221,0.528251,0.617214,0.999039,0.99973,13005,4517,11614,16748080,24619,17522,680184,0.036195,0.686507,0.513104,ok,,,,,,,,,,,,,
mitonet,mito,deepcontact_tem,DeepContact-TEM,tem_00033,sparse,4.68,20180115_B9_5_setted_04.jpg,0.172,0.510384,0.342628,0.424901,0.638924,0.510384,0.997118,0.997962,25203,34112,14243,16703658,39446,59315,959769,0.041099,0.537326,0.350101,ok,,,,,,,,,,,,,
mitonet,mito,deepcontact_tem,DeepContact-TEM,tem_00034,sparse,4.68,20180115_B9_5_setted_10.jpg,0.189,0.678533,0.51347,0.74212,0.624983,0.678533,0.996851,0.998839,55751,19373,33453,16668639,89204,75124,1304941,0.068359,0.667103,0.626115,ok,,,,,,,,,,,,,
mitonet,mito,deepcontact_tem,DeepContact-TEM,tem_00035,sparse,4.68,20180115_B9_5_setted_11.jpg,0.176,0.523507,0.354561,0.585826,0.473172,0.523507,0.995762,0.998346,39057,27613,43486,16667060,82543,66670,1149480,0.071809,0.493329,0.503672,ok,,,,,,,,,,,,,
mitonet,mito,deepcontact_tem,DeepContact-TEM,tem_00036,sparse,4.68,20180115_B9_5_setted_20.jpg,0.192,0.6069,0.435647,0.737784,0.515457,0.6069,0.998729,0.999651,16457,5849,15470,16739440,31927,22306,586332,0.054452,0.652732,0.367849,ok,,,,,,,,,,,,,
mitonet,mito,deepcontact_tem,DeepContact-TEM,tem_00037,sparse,4.68,20180115_B9_Setted_01.jpg,0.564,0.647786,0.479056,0.591826,0.715434,0.647786,0.997443,0.998373,39444,27204,15689,16694879,55133,66648,1002001,0.055023,0.740188,0.405643,ok,,,,,,,,,,,,,
mitonet,mito,deepcontact_tem,DeepContact-TEM,tem_00038,sparse,4.68,20180115_B9_Setted_02.jpg,0.166,0.469627,0.306871,0.606594,0.38312,0.469627,0.997248,0.999207,20441,13257,32913,16710605,53354,33698,1155456,0.046176,0.49438,0.46555,ok,,,,,,,,,,,,,
mitonet,mito,deepcontact_tem,DeepContact-TEM,tem_00039,sparse,4.68,20180115_B9_Setted_03.jpg,0.155,0.644558,0.475534,0.697958,0.598749,0.644558,0.998962,0.999592,15792,6834,10583,16744007,26375,22626,931512,0.028314,0.707195,0.461671,ok,,,,,,,,,,,,,
mitonet,mito,deepcontact_tem,DeepContact-TEM,tem_00040,sparse,4.68,20180115_B9_Setted_04.jpg,0.163,0.560091,0.388977,0.776269,0.438091,0.560091,0.996761,0.999403,34589,9969,44365,16688293,78954,44558,1288054,0.061297,0.622113,0.579295,ok,,,,,,,,,,,,,
mitonet,mito,deepcontact_tem,DeepContact-TEM,tem_00041,sparse,4.68,20180115_B9_Setted_10.jpg,0.238,0.446492,0.287409,0.399565,0.505909,0.446492,0.995819,0.997457,28294,42518,27633,16678771,55927,70812,1043866,0.053577,0.364481,0.337729,ok,,,,,,,,,,,,,
mitonet,mito,deepcontact_tem,DeepContact-TEM,tem_00042,sparse,4.68,20180115_B9_Setted_20.jpg,0.212,0.605364,0.434065,0.621608,0.589946,0.605364,0.997662,0.998905,30079,18310,20907,16707920,50986,48389,1280118,0.039829,0.617023,0.53635,ok,,,,,,,,,,,,,
mitonet,mito,deepcontact_tem,DeepContact-TEM,tem_00043,sparse,4.68,20180115_b10_1_05.jpg,0.18,0.44335,0.284811,0.506879,0.393972,0.44335,0.996057,0.998466,26341,25626,40519,16684730,66860,51967,1297474,0.051531,0.597372,0.442104,ok,,,,,,,,,,,,,
mitonet,mito,deepcontact_tem,DeepContact-TEM,tem_00044,sparse,4.68,20180115_b10_1_07.jpg,0.186,0.602207,0.430827,0.894892,0.45379,0.602207,0.997232,0.999753,35146,4128,42304,16695638,77450,39274,1232292,0.06285,0.627867,0.578205,ok,,,,,,,,,,,,,
mitonet,mito,deepcontact_tem,DeepContact-TEM,tem_00045,sparse,4.68,20180115_b10_1_10.jpg,0.18,0.359142,0.218874,0.435477,0.305577,0.359142,0.995056,0.998196,23244,30132,52822,16671018,76066,53376,1266900,0.060041,0.268739,0.332588,ok,,,,,,,,,,,,,
mitonet,mito,deepcontact_tem,DeepContact-TEM,tem_00046,sparse,4.68,20180115_b10_1_20.jpg,0.146,0.717507,0.559463,0.912995,0.590971,0.717507,0.998994,0.999878,21428,2042,14831,16738915,36259,23470,1181864,0.03068,0.766519,0.598333,ok,,,,,,,,,,,,,
mitonet,mito,deepcontact_tem,DeepContact-TEM,tem_00047,sparse,4.68,20180115_b10_1_22.jpg,0.297,0.649978,0.481457,0.653785,0.646215,0.649978,0.99751,0.998771,38791,20542,21237,16696646,60028,59333,1265505,0.047434,0.651356,0.614558,ok,,,,,,,,,,,,,
mitonet,mito,deepcontact_tem,DeepContact-TEM,tem_00048,sparse,4.68,20180115_b10_1_30.jpg,0.201,0.545921,0.375442,0.6854,0.453612,0.545921,0.996891,0.999139,31355,14392,37768,16693701,69123,45747,1297824,0.053261,0.621795,0.482237,ok,,,,,,,,,,,,,
mitonet,mito,deepcontact_tem,DeepContact-TEM,tem_00049,sparse,4.68,20180115_b10_2_04.jpg,0.185,0.813334,0.685395,0.773686,0.857266,0.813334,0.998307,0.998916,61898,18106,10306,16686906,72204,80004,1237250,0.058358,0.820288,0.810248,ok,,,,,,,,,,,,,
mitonet,mito,deepcontact_tem,DeepContact-TEM,tem_00050,sparse,4.68,20180115_b10_2_05.jpg,0.185,0.760445,0.613482,0.761624,0.759269,0.760445,0.997861,0.998932,56971,17831,18063,16684351,75034,74802,1322520,0.056736,0.744829,0.719928,ok,,,,,,,,,,,,,
mitonet,mito,deepcontact_tem,DeepContact-TEM,tem_00051,sparse,4.68,20180115_b10_2_09.jpg,0.171,0.791868,0.655449,0.784888,0.798974,0.791868,0.998678,0.999308,42205,11567,10619,16712825,52824,53772,1322685,0.039937,0.797103,0.76871,ok,,,,,,,,,,,,,
mitonet,mito,deepcontact_tem,DeepContact-TEM,tem_00052,sparse,4.68,20180115_b10_2_13.jpg,0.171,0.771571,0.628095,0.738211,0.808088,0.771571,0.998408,0.999044,45101,15994,10711,16705410,55812,61095,1175588,0.047476,0.803271,0.726187,ok,,,,,,,,,,,,,
mitonet,mito,deepcontact_tem,DeepContact-TEM,tem_00053,sparse,4.68,20180115_b10_2_18.jpg,0.2,0.729989,0.574789,0.682048,0.785179,0.729989,0.997278,0.998276,61741,28782,16892,16669801,78633,90523,1284204,0.061231,0.61843,0.682693,ok,,,,,,,,,,,,,
mitonet,mito,deepcontact_tem,DeepContact-TEM,tem_00054,sparse,4.68,20180115_b10_2_25.jpg,0.167,0.736574,0.582998,0.785016,0.693764,0.736574,0.998556,0.999446,33864,9274,14948,16719130,48812,43138,896301,0.054459,0.764905,0.653732,ok,,,,,,,,,,,,,
mitonet,mito,deepcontact_tem,DeepContact-TEM,tem_00055,sparse,4.68,20180115_b10_2_29.jpg,0.156,0.757137,0.609188,0.738096,0.777186,0.757137,0.99879,0.999329,31654,11232,9075,16725255,40729,42886,1322520,0.030797,0.777924,0.70545,ok,,,,,,,,,,,,,
mitonet,mito,deepcontact_tem,DeepContact-TEM,tem_00056,sparse,4.68,20180115_b10_2_30.jpg,0.181,0.842333,0.727613,0.950236,0.756437,0.842333,0.999049,0.999867,42601,2231,13717,16718667,56318,44832,1307490,0.043073,0.860683,0.753841,ok,,,,,,,,,,,,,
mitonet,mito,deepcontact_tem,DeepContact-TEM,tem_00057,sparse,4.68,20180115_b10_3_05.jpg,0.16,0.353384,0.214612,0.575004,0.255073,0.353384,0.998371,0.99967,7467,5519,21807,16742423,29274,12986,1127726,0.025958,0.373499,0.382777,ok,,,,,,,,,,,,,
mitonet,mito,deepcontact_tem,DeepContact-TEM,tem_00058,sparse,4.68,20180115_b10_3_09.jpg,0.171,0.595403,0.423896,0.73186,0.501835,0.595403,0.997419,0.999302,31863,11674,31630,16702049,63493,43537,1126692,0.056353,0.646689,0.44195,ok,,,,,,,,,,,,,
mitonet,mito,deepcontact_tem,DeepContact-TEM,tem_00059,sparse,4.68,20180115_b10_3_10.jpg,0.408,0.70981,0.55016,0.882804,0.593507,0.70981,0.99895,0.999829,21536,2859,14750,16738071,36286,24395,1073127,0.033813,0.621977,0.501398,ok,,,,,,,,,,,,,
mitonet,mito,deepcontact_tem,DeepContact-TEM,tem_00060,sparse,4.68,20180115_b10_3_11.jpg,0.203,0.457446,0.296551,0.349411,0.662191,0.457446,0.996325,0.997108,25993,48398,13260,16689565,39253,74391,1197684,0.032774,0.364185,0.438957,ok,,,,,,,,,,,,,
mitonet,mito,deepcontact_tem,DeepContact-TEM,tem_00061,sparse,4.68,20180115_b10_3_15.jpg,0.184,0.204282,0.113761,0.11582,0.864839,0.204282,0.996161,0.996236,8267,63111,1292,16704546,9559,71378,1108558,0.008623,0.194552,0.240151,ok,,,,,,,,,,,,,
mitonet,mito,deepcontact_tem,DeepContact-TEM,tem_00062,sparse,4.68,20180115_b10_3_20.jpg,0.196,0.878405,0.783175,0.845617,0.913838,0.878405,0.999618,0.999748,23153,4227,2183,16747653,25336,27380,368721,0.068713,0.919754,0.630134,ok,,,,,,,,,,,,,
mitonet,mito,deepcontact_tem,DeepContact-TEM,tem_00063,sparse,4.68,20180115_b10_3_25.jpg,0.151,0.676491,0.511134,0.648521,0.706982,0.676491,0.998499,0.999148,26328,14269,10912,16725707,37240,40597,1264428,0.029452,0.702816,0.548491,ok,,,,,,,,,,,,,
mitonet,mito,deepcontact_tem,DeepContact-TEM,tem_00064,sparse,4.68,20180115_b10_3_30.jpg,0.167,0.314928,0.186893,0.285672,0.35086,0.314928,0.998228,0.99898,6833,17086,12642,16740655,19475,23919,495144,0.039332,0.501961,0.317997,ok,,,,,,,,,,,,,
mitonet,mito,deepcontact_tem,DeepContact-TEM,tem_00065,sparse,4.68,20180115_b10_3_35.jpg,0.179,0.565838,0.394542,0.522706,0.616728,0.565838,0.997568,0.998549,26589,24279,16524,16709824,43113,50868,1032852,0.041742,0.64775,0.558886,ok,,,,,,,,,,,,,
mitonet,mito,deepcontact_tem,DeepContact-TEM,tem_00066,sparse,4.68,20180115_b10_3_39.jpg,0.152,0.820862,0.696155,0.806567,0.835673,0.820862,0.999316,0.999623,26307,6309,5173,16739427,31480,32616,1317170,0.0239,0.836507,0.79737,ok,,,,,,,,,,,,,
mitonet,mito,deeppi_em_skeletal_muscle,DeepPI,te_00021,partial,,test/input/x_0.tif,0.71,0.015935,0.008031,0.774449,0.00805,0.015935,0.836124,0.999537,22260,6483,2742900,14005573,2765160,28743,6553600,0.42193,0.008936,0.010387,ok,,,,,,,,,,,,,
mitonet,mito,deeppi_em_skeletal_muscle,DeepPI,te_00022,partial,,test/input/x_1.tif,2.436,0.011607,0.005837,0.974465,0.005838,0.011607,0.846974,0.999972,15074,395,2566958,14194789,2582032,15469,6553600,0.393987,0.027189,0.030922,ok,,,,,,,,,,,,,
mitonet,mito,deeppi_em_skeletal_muscle,DeepPI,te_00023,partial,,test/input/x_2.tif,0.726,0.428577,0.272732,0.965514,0.275415,0.428577,0.923327,0.998853,482398,17230,1269134,15008454,1751532,499628,6553600,0.267263,0.500555,0.285151,ok,,,,,,,,,,,,,
mitonet,mito,deeppi_em_skeletal_muscle,DeepPI,te_00024,partial,,test/input/x_3.tif,0.651,0.104263,0.054999,0.972741,0.055084,0.104263,0.787628,0.999553,207366,5811,3557200,13006839,3764566,213177,6553600,0.574427,0.115445,0.088711,ok,,,,,,,,,,,,,
mitonet,mito,deeppi_em_skeletal_muscle,DeepPI,te_00025,partial,,test/input/x_4.tif,0.58,0.03463,0.01762,0.901687,0.017654,0.03463,0.802806,0.999518,59340,6470,3301891,13409515,3361231,65810,6553600,0.512883,0.039649,0.060546,ok,,,,,,,,,,,,,
mitonet,mito,deeppi_em_skeletal_muscle,DeepPI,te_00026,partial,,test/input/x_5.tif,0.665,0.272962,0.158052,0.953812,0.159271,0.272962,0.899895,0.998968,315276,15267,1664216,14782457,1979492,330543,6553600,0.302047,0.279508,0.260767,ok,,,,,,,,,,,,,
mitonet,mito,empiar_10982_mitonet_benchmark,EMPIAR-10982,c_el_00000,sparse,24.0,mito_benchmarks/c_elegans/c_elegans_em.tif,0.375,0.608593,0.437394,0.720572,0.526736,0.608593,0.999803,0.999941,2571,997,2310,16771338,4881,3568,64770,0.075359,0.6978,0.643794,ok,23,26,0.391304,0.346154,0.367347,0.225,0.26087,0.230769,0.244898,0.139535,0.278379,0.75781,0.367347
mitonet,mito,empiar_10982_mitonet_benchmark,EMPIAR-10982,c_el_00001,sparse,24.0,mito_benchmarks/c_elegans/c_elegans_em.tif,2.703,0.814865,0.687571,0.886097,0.754233,0.814865,0.999885,0.999968,4232,544,1379,16771061,5611,4776,56925,0.098568,0.84486,0.871185,ok,32,31,0.53125,0.548387,0.539683,0.369565,0.25,0.258065,0.253968,0.145455,0.387038,0.717159,0.539683
mitonet,mito,empiar_10982_mitonet_benchmark,EMPIAR-10982,c_el_00002,sparse,24.0,mito_benchmarks/c_elegans/c_elegans_em.tif,0.12,0.686186,0.522285,0.680665,0.691796,0.686186,0.999864,0.99993,2496,1171,1112,16772437,3608,3667,57088,0.063201,0.741308,0.718204,ok,24,22,0.458333,0.5,0.478261,0.314286,0.291667,0.318182,0.304348,0.179487,0.348519,0.728722,0.478261
mitonet,mito,empiar_10982_mitonet_benchmark,EMPIAR-10982,c_el_00003,sparse,24.0,mito_benchmarks/c_elegans/c_elegans_em.tif,0.171,0.701983,0.540811,0.944954,0.558403,0.701983,0.999885,0.999992,2266,132,1792,16773026,4058,2398,55296,0.073387,0.734888,0.727166,ok,16,18,0.5625,0.5,0.529412,0.36,0.25,0.222222,0.235294,0.133333,0.375154,0.708624,0.529412
mitonet,mito,empiar_10982_mitonet_benchmark,EMPIAR-10982,c_el_00004,sparse,24.0,mito_benchmarks/c_elegans/c_elegans_em.tif,0.36,0.769709,0.625631,0.838764,0.711159,0.769709,0.999929,0.999977,1982,381,805,16774048,2787,2363,46420,0.060039,0.830362,0.811247,ok,14,12,0.428571,0.5,0.461538,0.3,0.214286,0.25,0.230769,0.130435,0.350261,0.758898,0.461538
mitonet,mito,empiar_10982_mitonet_benchmark,EMPIAR-10982,c_el_00005,sparse,24.0,mito_benchmarks/c_elegans/c_elegans_em.tif,0.078,0.637592,0.467989,0.878916,0.500241,0.637592,0.99993,0.999991,1038,143,1037,16774998,2075,1181,45198,0.045909,0.829161,0.662766,ok,8,10,0.5,0.4,0.444444,0.285714,0.5,0.4,0.444444,0.285714,0.365564,0.822519,0.444444
mitonet,mito,empiar_10982_mitonet_benchmark,EMPIAR-10982,c_el_00006,sparse,24.0,mito_benchmarks/c_elegans/c_elegans_em.tif,0.135,0.716095,0.557747,1.0,0.557747,0.716095,0.999917,1.0,1753,0,1390,16774073,3143,1753,38208,0.08226,0.839117,0.685611,ok,8,17,0.625,0.294118,0.4,0.25,0.25,0.117647,0.16,0.086957,0.286517,0.716292,0.4
mitonet,mito,empiar_10982_mitonet_benchmark,EMPIAR-10982,c_el_00007,sparse,24.0,mito_benchmarks/c_elegans/c_elegans_em.tif,0.142,0.734853,0.580844,0.896879,0.622411,0.734853,0.999943,0.999991,1322,152,802,16774940,2124,1474,65536,0.03241,0.702736,0.736317,ok,13,15,0.615385,0.533333,0.571429,0.4,0.307692,0.266667,0.285714,0.166667,0.440657,0.77115,0.571429
mitonet,mito,empiar_10982_mitonet_benchmark,EMPIAR-10982,c_el_00008,sparse,24.0,mito_benchmarks/c_elegans/c_elegans_em.tif,0.097,0.640766,0.471417,0.936236,0.487055,0.640766,0.999879,0.999993,1806,123,1902,16773385,3708,1929,62720,0.05912,0.783034,0.64724,ok,13,20,0.615385,0.4,0.484848,0.32,0.230769,0.15,0.181818,0.1,0.352049,0.7261,0.484848
mitonet,mito,empiar_10982_mitonet_benchmark,EMPIAR-10982,c_el_00009,sparse,24.0,mito_benchmarks/c_elegans/c_elegans_em.tif,0.144,0.733445,0.579087,0.865704,0.636243,0.733445,0.999896,0.999978,2398,372,1371,16773075,3769,2770,59648,0.063187,0.755521,0.75178,ok,16,22,0.6875,0.5,0.578947,0.407407,0.4375,0.318182,0.368421,0.225806,0.441106,0.76191,0.578947
mitonet,mito,empiar_10982_mitonet_benchmark,EMPIAR-10982,c_el_00010,sparse,24.0,mito_benchmarks/c_elegans/c_elegans_em.tif,0.14,0.568174,0.396818,0.749356,0.457547,0.568174,0.999842,0.999965,1746,584,2070,16772816,3816,2330,61952,0.061596,0.647184,0.607297,ok,12,25,0.666667,0.32,0.432432,0.275862,0.166667,0.08,0.108108,0.057143,0.286193,0.66182,0.432432
mitonet,mito,empiar_10982_mitonet_benchmark,EMPIAR-10982,c_el_00011,sparse,24.0,mito_benchmarks/c_elegans/c_elegans_em.tif,0.068,0.760105,0.613039,0.853816,0.684929,0.760105,0.999836,0.999955,4363,747,2007,16770099,6370,5110,65536,0.097198,0.794222,0.771968,ok,21,28,0.619048,0.464286,0.530612,0.361111,0.238095,0.178571,0.204082,0.113636,0.37137,0.69989,0.530612
mitonet,mito,empiar_10982_mitonet_benchmark,EMPIAR-10982,c_el_00012,sparse,24.0,mito_benchmarks/c_elegans/c_elegans_em.tif,0.14,0.277111,0.160841,0.559231,0.184191,0.277111,0.999774,0.999966,727,573,3220,16772696,3947,1300,65536,0.060226,0.332756,0.252933,ok,12,18,0.083333,0.055556,0.066667,0.034483,0.0,0.0,0.0,0.0,0.03482,0.522305,0.066667
mitonet,mito,empiar_10982_mitonet_benchmark,EMPIAR-10982,c_el_00013,sparse,24.0,mito_benchmarks/c_elegans/c_elegans_em.tif,0.07,0.525355,0.356259,0.964362,0.361012,0.525355,0.999805,0.999996,1813,67,3209,16772127,5022,1880,56576,0.088766,0.642673,0.594687,ok,13,20,0.384615,0.25,0.30303,0.178571,0.307692,0.2,0.242424,0.137931,0.241934,0.798382,0.30303
mitonet,mito,empiar_10982_mitonet_benchmark,EMPIAR-10982,c_el_00014,sparse,24.0,mito_benchmarks/c_elegans/c_elegans_em.tif,0.134,0.388179,0.240832,0.998921,0.240895,0.388179,0.999826,1.0,926,1,2918,16773371,3844,927,44935,0.085546,0.471228,0.399394,ok,7,15,0.714286,0.333333,0.454545,0.294118,0.142857,0.066667,0.090909,0.047619,0.301614,0.663552,0.454545
mitonet,mito,empiar_10982_mitonet_benchmark,EMPIAR-10982,c_el_00015,sparse,24.0,mito_benchmarks/c_elegans/c_elegans_em.tif,0.147,0.622915,0.452343,0.91278,0.472778,0.622915,0.999794,0.999984,2857,273,3186,16770900,6043,3130,50853,0.118833,0.663533,0.650666,ok,15,29,0.466667,0.241379,0.318182,0.189189,0.133333,0.068966,0.090909,0.047619,0.226078,0.710531,0.318182
mitonet,mito,empiar_10982_mitonet_benchmark,EMPIAR-10982,fly__00016,sparse,12.0,mito_benchmarks/fly_brain/fly_brain_em.tif,0.133,0.929347,0.868019,0.964079,0.897031,0.929347,0.999961,0.99999,4321,161,496,16772238,4817,4482,44178,0.109036,0.944087,0.87708,ok,6,5,0.833333,1.0,0.909091,0.833333,0.5,0.6,0.545455,0.375,0.747374,0.822112,0.909091
mitonet,mito,empiar_10982_mitonet_benchmark,EMPIAR-10982,fly__00017,sparse,12.0,mito_benchmarks/fly_brain/fly_brain_em.tif,0.073,0.915274,0.843783,0.970979,0.865613,0.915274,0.999947,0.999991,4818,144,748,16771506,5566,4962,62985,0.08837,0.951113,0.917033,ok,10,9,0.8,0.888889,0.842105,0.727273,0.6,0.666667,0.631579,0.461538,0.678863,0.80615,0.842105
mitonet,mito,empiar_10982_mitonet_benchmark,EMPIAR-10982,fly__00018,sparse,12.0,mito_benchmarks/fly_brain/fly_brain_em.tif,0.129,0.907591,0.830816,0.981729,0.843864,0.907591,0.999944,0.999995,4621,86,855,16771654,5476,4707,64005,0.085556,0.942598,0.906174,ok,9,10,1.0,0.9,0.947368,0.9,0.888889,0.8,0.842105,0.727273,0.781544,0.824963,0.947368
mitonet,mito,empiar_10982_mitonet_benchmark,EMPIAR-10982,fly__00019,sparse,12.0,mito_benchmarks/fly_brain/fly_brain_em.tif,0.07,0.914329,0.842179,0.958871,0.873742,0.914329,0.99992,0.999982,7204,309,1041,16768662,8245,7513,65025,0.126797,0.927487,0.907568,ok,12,12,0.833333,0.833333,0.833333,0.714286,0.666667,0.666667,0.666667,0.5,0.700919,0.841102,0.833333
mitonet,mito,empiar_10982_mitonet_benchmark,EMPIAR-10982,fly__00020,sparse,12.0,mito_benchmarks/fly_brain/fly_brain_em.tif,0.142,0.900047,0.81826,0.976598,0.834625,0.900047,0.999912,0.99999,6677,160,1323,16769056,8000,6837,62985,0.127014,0.895009,0.902529,ok,15,16,0.8,0.75,0.774194,0.631579,0.733333,0.6875,0.709677,0.55,0.644567,0.832566,0.774194
mitonet,mito,empiar_10982_mitonet_benchmark,EMPIAR-10982,fly__00021,sparse,12.0,mito_benchmarks/fly_brain/fly_brain_em.tif,0.076,0.702303,0.541192,0.780299,0.638483,0.702303,0.999918,0.999973,1616,455,915,16774230,2531,2071,65025,0.038923,0.745904,0.772134,ok,11,11,0.727273,0.727273,0.727273,0.571429,0.363636,0.363636,0.363636,0.222222,0.539652,0.742022,0.727273
mitonet,mito,empiar_10982_mitonet_benchmark,EMPIAR-10982,fly__00022,sparse,12.0,mito_benchmarks/fly_brain/fly_brain_em.tif,0.149,0.911125,0.836758,0.947774,0.877205,0.911125,0.99994,0.999983,5172,285,724,16771035,5896,5457,43475,0.135618,0.969652,0.90464,ok,10,10,0.9,0.9,0.9,0.818182,0.9,0.9,0.9,0.818182,0.788939,0.876599,0.9
mitonet,mito,empiar_10982_mitonet_benchmark,EMPIAR-10982,fly__00023,sparse,12.0,mito_benchmarks/fly_brain/fly_brain_em.tif,0.076,0.92471,0.859963,0.991005,0.866728,0.92471,0.999927,0.999996,7492,68,1152,16768504,8644,7560,65025,0.132933,0.977739,0.963253,ok,15,15,1.0,1.0,1.0,1.0,0.866667,0.866667,0.866667,0.764706,0.829313,0.829313,1.0
mitonet,mito,empiar_10982_mitonet_benchmark,EMPIAR-10982,glyc_00024,sparse,18.0,mito_benchmarks/glycolytic_muscle/glycolytic_muscle_em.tif,0.382,0.910165,0.83514,0.915916,0.904485,0.910165,0.999914,0.99996,7320,672,773,16768451,8093,7992,259908,0.031138,0.949211,0.933231,ok,25,20,0.72,0.9,0.8,0.666667,0.6,0.75,0.666667,0.5,0.658708,0.823385,0.8
mitonet,mito,empiar_10982_mitonet_benchmark,EMPIAR-10982,glyc_00025,sparse,18.0,mito_benchmarks/glycolytic_muscle/glycolytic_muscle_em.tif,2.646,0.883334,0.791047,0.97553,0.807061,0.883334,0.999897,0.99999,6538,164,1563,16768951,8101,6702,286484,0.028277,0.929308,0.908517,ok,20,19,0.7,0.736842,0.717949,0.56,0.6,0.631579,0.615385,0.444444,0.598929,0.834223,0.717949
mitonet,mito,empiar_10982_mitonet_benchmark,EMPIAR-10982,glyc_00026,sparse,18.0,mito_benchmarks/glycolytic_muscle/glycolytic_muscle_em.tif,0.072,0.876782,0.780598,0.969967,0.799932,0.876782,0.999882,0.999987,7073,219,1769,16768155,8842,7292,292612,0.030217,0.896146,0.865125,ok,24,19,0.541667,0.684211,0.604651,0.433333,0.458333,0.578947,0.511628,0.34375,0.488354,0.807662,0.604651
mitonet,mito,empiar_10982_mitonet_benchmark,EMPIAR-10982,glyc_00027,sparse,18.0,mito_benchmarks/glycolytic_muscle/glycolytic_muscle_em.tif,0.176,0.907244,0.830235,0.968459,0.853308,0.907244,0.999934,0.99999,5404,176,929,16770707,6333,5580,292229,0.021671,0.949861,0.930935,ok,20,18,0.85,0.944444,0.894737,0.809524,0.6,0.666667,0.631579,0.461538,0.711054,0.794708,0.894737
mitonet,mito,empiar_10982_mitonet_benchmark,EMPIAR-10982,glyc_00028,sparse,18.0,mito_benchmarks/glycolytic_muscle/glycolytic_muscle_em.tif,0.091,0.926889,0.863741,0.938998,0.915089,0.926889,0.999922,0.999968,8266,537,767,16767646,9033,8803,248570,0.03634,0.925735,0.939221,ok,32,19,0.5,0.842105,0.627451,0.457143,0.375,0.631579,0.470588,0.307692,0.519979,0.828717,0.627451
mitonet,mito,empiar_10982_mitonet_benchmark,EMPIAR-10982,glyc_00029,sparse,18.0,mito_benchmarks/glycolytic_muscle/glycolytic_muscle_em.tif,0.212,0.91723,0.847114,0.957495,0.880215,0.91723,0.999885,0.999972,10655,473,1450,16764638,12105,11128,272340,0.044448,0.976158,0.945396,ok,30,19,0.433333,0.684211,0.530612,0.361111,0.266667,0.421053,0.326531,0.195122,0.419209,0.790048,0.530612
mitonet,mito,empiar_10982_mitonet_benchmark,EMPIAR-10982,glyc_00030,sparse,18.0,mito_benchmarks/glycolytic_muscle/glycolytic_muscle_em.tif,0.16,0.899367,0.817136,0.959837,0.846065,0.899367,0.999893,0.99998,8030,336,1461,16767389,9491,8366,269730,0.035187,0.951887,0.938422,ok,25,16,0.44,0.6875,0.536585,0.366667,0.28,0.4375,0.341463,0.205882,0.416956,0.777055,0.536585
mitonet,mito,empiar_10982_mitonet_benchmark,EMPIAR-10982,glyc_00031,sparse,18.0,mito_benchmarks/glycolytic_muscle/glycolytic_muscle_em.tif,0.083,0.927327,0.864502,0.934948,0.91983,0.927327,0.99995,0.999978,5404,376,471,16770965,5875,5780,276736,0.02123,0.952676,0.946209,ok,21,15,0.571429,0.8,0.666667,0.5,0.428571,0.6,0.5,0.333333,0.540059,0.810089,0.666667
mitonet,mito,empiar_10982_mitonet_benchmark,EMPIAR-10982,glyc_00032,sparse,18.0,mito_benchmarks/glycolytic_muscle/glycolytic_muscle_em.tif,0.201,0.909299,0.833683,0.943276,0.877684,0.909299,0.999896,0.999969,8747,526,1219,16766724,9966,9273,275377,0.03619,0.947633,0.913776,ok,30,18,0.433333,0.722222,0.541667,0.371429,0.366667,0.611111,0.458333,0.297297,0.458693,0.846819,0.541667
mitonet,mito,empiar_10982_mitonet_benchmark,EMPIAR-10982,glyc_00033,sparse,18.0,mito_benchmarks/glycolytic_muscle/glycolytic_muscle_em.tif,0.093,0.910677,0.836003,0.947229,0.876842,0.910677,0.999921,0.999977,6785,378,953,16769100,7738,7163,288405,0.02683,0.926888,0.915202,ok,22,17,0.454545,0.588235,0.512821,0.344828,0.272727,0.352941,0.307692,0.181818,0.412101,0.803598,0.512821
mitonet,mito,empiar_10982_mitonet_benchmark,EMPIAR-10982,glyc_00034,sparse,18.0,mito_benchmarks/glycolytic_muscle/glycolytic_muscle_em.tif,0.134,0.923604,0.858052,0.953698,0.895351,0.923604,0.999912,0.999974,8898,432,1040,16766846,9938,9330,278824,0.035643,0.938372,0.957547,ok,34,17,0.294118,0.588235,0.392157,0.243902,0.235294,0.470588,0.313725,0.186047,0.333412,0.8502,0.392157
mitonet,mito,empiar_10982_mitonet_benchmark,EMPIAR-10982,glyc_00035,sparse,18.0,mito_benchmarks/glycolytic_muscle/glycolytic_muscle_em.tif,0.171,0.934857,0.877683,0.941697,0.928116,0.934857,0.999898,0.999955,12227,757,947,16763285,13174,12984,285718,0.046108,0.938431,0.951301,ok,35,14,0.314286,0.785714,0.44898,0.289474,0.142857,0.357143,0.204082,0.113636,0.332995,0.741671,0.44898
mitonet,mito,empiar_10982_mitonet_benchmark,EMPIAR-10982,glyc_00036,sparse,18.0,mito_benchmarks/glycolytic_muscle/glycolytic_muscle_em.tif,0.087,0.935124,0.878153,0.946716,0.923812,0.935124,0.999922,0.999968,9470,533,781,16766432,10251,10003,257131,0.039867,0.947926,0.932214,ok,24,12,0.375,0.75,0.5,0.333333,0.333333,0.666667,0.444444,0.285714,0.443718,0.887436,0.5
mitonet,mito,empiar_10982_mitonet_benchmark,EMPIAR-10982,glyc_00037,sparse,18.0,mito_benchmarks/glycolytic_muscle/glycolytic_muscle_em.tif,0.184,0.94605,0.897623,0.943259,0.948857,0.94605,0.999935,0.999966,9592,577,517,16766530,10109,10169,288405,0.035051,0.959478,0.975511,ok,27,18,0.62963,0.944444,0.755556,0.607143,0.518519,0.777778,0.622222,0.451613,0.639495,0.846391,0.755556
mitonet,mito,empiar_10982_mitonet_benchmark,EMPIAR-10982,hela_00038,sparse,15.0,mito_benchmarks/hela_cell/hela_cell_em.tif,0.073,0.797643,0.663399,0.834251,0.764112,0.797643,0.999904,0.999962,3181,632,982,16772421,4163,3813,55460,0.075063,0.823397,0.756731,ok,12,11,0.75,0.818182,0.782609,0.642857,0.5,0.545455,0.521739,0.352941,0.593863,0.758826,0.782609
mitonet,mito,empiar_10982_mitonet_benchmark,EMPIAR-10982,hela_00039,sparse,15.0,mito_benchmarks/hela_cell/hela_cell_em.tif,0.142,0.849994,0.739121,0.98465,0.747737,0.849994,0.999861,0.999994,6607,103,2229,16768277,8836,6710,60416,0.146253,0.916594,0.823699,ok,20,16,0.55,0.6875,0.611111,0.44,0.35,0.4375,0.388889,0.241379,0.480012,0.785475,0.611111
mitonet,mito,empiar_10982_mitonet_benchmark,EMPIAR-10982,hela_00040,sparse,15.0,mito_benchmarks/hela_cell/hela_cell_em.tif,0.069,0.891225,0.803793,0.984983,0.813765,0.891225,0.999909,0.999994,6231,95,1426,16769464,7657,6326,65536,0.116837,0.926477,0.913624,ok,17,15,0.823529,0.933333,0.875,0.777778,0.470588,0.533333,0.5,0.333333,0.667513,0.762872,0.875
mitonet,mito,empiar_10982_mitonet_benchmark,EMPIAR-10982,hela_00041,sparse,15.0,mito_benchmarks/hela_cell/hela_cell_em.tif,0.142,0.806239,0.675377,0.869811,0.751326,0.806239,0.999899,0.999968,3541,530,1172,16771973,4713,4071,61952,0.076075,0.786787,0.754597,ok,9,9,0.666667,0.666667,0.666667,0.5,0.666667,0.666667,0.666667,0.5,0.599376,0.899064,0.666667
mitonet,mito,empiar_10982_mitonet_benchmark,EMPIAR-10982,hela_00042,sparse,15.0,mito_benchmarks/hela_cell/hela_cell_em.tif,0.064,0.829747,0.709031,0.991995,0.713111,0.829747,0.999958,0.999999,1735,14,698,16774769,2433,1749,40275,0.06041,0.917808,0.849112,ok,4,6,0.75,0.5,0.6,0.428571,0.75,0.5,0.6,0.428571,0.550112,0.916853,0.6
mitonet,mito,empiar_10982_mitonet_benchmark,EMPIAR-10982,hela_00043,sparse,15.0,mito_benchmarks/hela_cell/hela_cell_em.tif,0.138,0.468504,0.305913,0.50381,0.437822,0.468504,0.99992,0.999965,595,586,764,16775271,1359,1181,63232,0.021492,0.409975,0.448945,ok,5,6,0.4,0.333333,0.363636,0.222222,0.2,0.166667,0.181818,0.1,0.279031,0.767336,0.363636
mitonet,mito,empiar_10982_mitonet_benchmark,EMPIAR-10982,hela_00044,sparse,15.0,mito_benchmarks/hela_cell/hela_cell_em.tif,0.124,0.68914,0.525716,0.924045,0.54946,0.68914,0.999893,0.99999,1983,163,1626,16773444,3609,2146,65536,0.055069,0.624981,0.613462,ok,8,13,0.75,0.461538,0.571429,0.4,0.375,0.230769,0.285714,0.166667,0.420434,0.735759,0.571429
mitonet,mito,empiar_10982_mitonet_benchmark,EMPIAR-10982,hela_00045,sparse,15.0,mito_benchmarks/hela_cell/hela_cell_em.tif,0.074,0.763197,0.617073,0.887617,0.66937,0.763197,0.999905,0.999981,2559,324,1264,16773069,3823,2883,63744,0.059974,0.776506,0.70994,ok,10,14,0.6,0.428571,0.5,0.333333,0.5,0.357143,0.416667,0.263158,0.43823,0.876461,0.5
mitonet,mito,empiar_10982_mitonet_benchmark,EMPIAR-10982,hela_00046,sparse,15.0,mito_benchmarks/hela_cell/hela_cell_em.tif,0.138,0.578893,0.407354,0.712784,0.487349,0.578893,0.999853,0.999959,1695,683,1783,16773055,3478,2378,65536,0.05307,0.5729,0.505103,ok,7,15,0.571429,0.266667,0.363636,0.222222,0.428571,0.2,0.272727,0.157895,0.283809,0.780475,0.363636
mitonet,mito,empiar_10982_mitonet_benchmark,EMPIAR-10982,hela_00047,sparse,15.0,mito_benchmarks/hela_cell/hela_cell_em.tif,0.133,0.477501,0.313629,0.702814,0.361582,0.477501,0.999866,0.999974,1024,433,1808,16773951,2832,1457,60928,0.046481,0.505301,0.440253,ok,9,11,0.444444,0.363636,0.4,0.25,0.222222,0.181818,0.2,0.111111,0.293436,0.73359,0.4
mitonet,mito,empiar_10982_mitonet_benchmark,EMPIAR-10982,sali_00051,sparse,15.0,mito_benchmarks/salivary_gland/salivary_gland_em.tif,0.331,0.0,0.0,nan,0.0,0.0,0.999965,1.0,0,0,581,16776635,581,0,5166,0.112466,0.0,0.0,ok,0,1,nan,0.0,0.0,0.0,nan,0.0,0.0,0.0,0.0,0.0,0.0
mitonet,mito,empiar_10982_mitonet_benchmark,EMPIAR-10982,sali_00052,sparse,15.0,mito_benchmarks/salivary_gland/salivary_gland_em.tif,0.119,0.214419,0.120083,0.683976,0.127137,0.214419,0.999799,0.999987,461,213,3165,16773377,3626,674,33440,0.108433,0.280936,0.235554,ok,1,2,0.0,0.0,0.0,0.0,0.0,0.0,0.0,0.0,0.0,0.0,0.0
mitonet,mito,empiar_10982_mitonet_benchmark,EMPIAR-10982,sali_00053,sparse,15.0,mito_benchmarks/salivary_gland/salivary_gland_em.tif,0.117,0.0,0.0,nan,0.0,0.0,0.999663,1.0,0,0,5656,16771560,5656,0,360126,0.015706,0.0,0.0,ok,0,4,nan,0.0,0.0,0.0,nan,0.0,0.0,0.0,0.0,0.0,0.0
mitonet,mito,empiar_10982_mitonet_benchmark,EMPIAR-10982,sali_00054,sparse,15.0,mito_benchmarks/salivary_gland/salivary_gland_em.tif,0.116,0.0,0.0,nan,0.0,0.0,0.999885,1.0,0,0,1934,16775282,1934,0,3348,0.577658,0.0,0.0,ok,0,1,nan,0.0,0.0,0.0,nan,0.0,0.0,0.0,0.0,0.0,0.0
mitonet,mito,empiar_10982_mitonet_benchmark,EMPIAR-10982,sali_00055,sparse,15.0,mito_benchmarks/salivary_gland/salivary_gland_em.tif,0.126,0.071616,0.037138,0.439286,0.038986,0.071616,0.99981,0.999991,123,157,3032,16773904,3155,280,181608,0.017373,0.130435,0.023756,ok,2,3,0.0,0.0,0.0,0.0,0.0,0.0,0.0,0.0,0.0,0.0,0.0
mitonet,mito,empiar_10982_mitonet_benchmark,EMPIAR-10982,sali_00056,sparse,15.0,mito_benchmarks/salivary_gland/salivary_gland_em.tif,0.13,0.129049,0.068975,0.700057,0.071076,0.129049,0.999005,0.999968,1237,530,16167,16759282,17404,1767,628754,0.02768,0.194746,0.01318,ok,5,7,0.2,0.142857,0.166667,0.090909,0.0,0.0,0.0,0.0,0.099455,0.596732,0.166667
mitonet,mito,empiar_10982_mitonet_benchmark,EMPIAR-10982,sali_00057,sparse,15.0,mito_benchmarks/salivary_gland/salivary_gland_em.tif,0.124,0.113505,0.060167,0.65856,0.062104,0.113505,0.99937,0.999979,677,351,10224,16765964,10901,1028,586840,0.018576,0.09386,0.065127,ok,3,7,0.0,0.0,0.0,0.0,0.0,0.0,0.0,0.0,0.0,0.0,0.0
mitonet,mito,empiar_10982_mitonet_benchmark,EMPIAR-10982,sali_00058,sparse,15.0,mito_benchmarks/salivary_gland/salivary_gland_em.tif,0.129,0.28361,0.165236,0.938099,0.167058,0.28361,0.999293,0.999991,2349,155,11712,16763000,14061,2504,583289,0.024106,0.302404,0.176157,ok,7,10,0.142857,0.1,0.117647,0.0625,0.0,0.0,0.0,0.0,0.088158,0.749343,0.117647
mitonet,mito,empiar_10982_mitonet_benchmark,EMPIAR-10982,sali_00059,sparse,15.0,mito_benchmarks/salivary_gland/salivary_gland_em.tif,0.127,0.168835,0.092201,0.996832,0.092228,0.168835,0.998892,1.0,1888,6,18583,16756739,20471,1894,539070,0.037975,0.169597,0.13999,ok,2,15,1.0,0.133333,0.235294,0.133333,0.5,0.066667,0.117647,0.0625,0.177494,0.75435,0.235294
mitonet,mito,empiar_10982_mitonet_benchmark,EMPIAR-10982,sali_00060,sparse,15.0,mito_benchmarks/salivary_gland/salivary_gland_em.tif,0.138,0.286414,0.167143,0.907219,0.17005,0.286414,0.999045,0.99998,3217,329,15701,16757969,18918,3546,573475,0.032988,0.358825,0.182465,ok,9,18,0.222222,0.111111,0.148148,0.08,0.111111,0.055556,0.074074,0.038462,0.10733,0.724481,0.148148
mitonet,mito,empiar_10982_mitonet_benchmark,EMPIAR-10982,sali_00061,sparse,15.0,mito_benchmarks/salivary_gland/salivary_gland_em.tif,0.144,0.497644,0.331242,0.811816,0.358792,0.497644,0.999072,0.999893,7709,1787,13777,16753943,21486,9496,572949,0.037501,0.539056,0.28061,ok,10,17,0.5,0.294118,0.37037,0.227273,0.2,0.117647,0.148148,0.08,0.25538,0.689527,0.37037
mitonet,mito,empiar_10982_mitonet_benchmark,EMPIAR-10982,sali_00062,sparse,15.0,mito_benchmarks/salivary_gland/salivary_gland_em.tif,0.132,0.254054,0.145511,0.681663,0.15612,0.254054,0.99895,0.999916,3000,1401,16216,16756599,19216,4401,543564,0.035352,0.278512,0.207865,ok,8,15,0.125,0.066667,0.086957,0.045455,0.0,0.0,0.0,0.0,0.063823,0.733967,0.086957
mitonet,mito,empiar_10982_mitonet_benchmark,EMPIAR-10982,sali_00063,sparse,15.0,mito_benchmarks/salivary_gland/salivary_gland_em.tif,0.131,0.005998,0.003008,0.108844,0.003084,0.005998,0.99842,0.999961,80,655,25860,16750621,25940,735,606837,0.042746,0.0,0.01439,ok,3,13,0.0,0.0,0.0,0.0,0.0,0.0,0.0,0.0,0.0,0.0,0.0
mitonet,mito,empiar_10982_mitonet_benchmark,EMPIAR-10982,sali_00064,sparse,15.0,mito_benchmarks/salivary_gland/salivary_gland_em.tif,0.131,0.036606,0.018644,0.272231,0.019622,0.036606,0.998434,0.99992,499,1334,24931,16750452,25430,1833,612689,0.041506,0.035328,0.017943,ok,7,15,0.0,0.0,0.0,0.0,0.0,0.0,0.0,0.0,0.0,0.0,0.0
mitonet,mito,empiar_10982_mitonet_benchmark,EMPIAR-10982,sali_00065,sparse,15.0,mito_benchmarks/salivary_gland/salivary_gland_em.tif,0.128,0.0,0.0,0.0,0.0,0.0,0.998572,0.999966,0,572,23383,16753261,23383,572,640590,0.036502,0.0,0.0,ok,2,19,0.0,0.0,0.0,0.0,0.0,0.0,0.0,0.0,0.0,0.0,0.0
mitonet,mito,empiar_10982_mitonet_benchmark,EMPIAR-10982,sali_00066,sparse,15.0,mito_benchmarks/salivary_gland/salivary_gland_em.tif,0.125,0.077226,0.040164,0.985507,0.040187,0.077226,0.998644,0.999999,952,14,22737,16753513,23689,966,562320,0.042127,0.055138,0.05282,ok,3,18,0.333333,0.055556,0.095238,0.05,0.0,0.0,0.0,0.0,0.065752,0.690391,0.095238
mitonet,mito,empiar_10982_mitonet_benchmark,EMPIAR-10982,sali_00067,sparse,15.0,mito_benchmarks/salivary_gland/salivary_gland_em.tif,0.172,0.094551,0.049621,0.981912,0.049667,0.094551,0.998699,0.999999,1140,21,21813,16754242,22953,1161,537320,0.042718,0.059113,0.047365,ok,3,20,0.333333,0.05,0.086957,0.045455,0.333333,0.05,0.086957,0.045455,0.069824,0.802977,0.086957
mitonet,mito,empiar_10982_mitonet_benchmark,EMPIAR-10982,sali_00068,sparse,15.0,mito_benchmarks/salivary_gland/salivary_gland_em.tif,0.145,0.0,0.0,nan,0.0,0.0,0.998238,1.0,0,0,29566,16747650,29566,0,602616,0.049063,0.0,0.0,ok,0,23,nan,0.0,0.0,0.0,nan,0.0,0.0,0.0,0.0,0.0,0.0
mitonet,mito,empiar_10982_mitonet_benchmark,EMPIAR-10982,sali_00069,sparse,15.0,mito_benchmarks/salivary_gland/salivary_gland_em.tif,0.128,0.011505,0.005786,0.411311,0.005834,0.011505,0.998361,0.999986,160,229,27266,16749561,27426,389,605616,0.045286,0.019553,0.006993,ok,2,23,0.0,0.0,0.0,0.0,0.0,0.0,0.0,0.0,0.0,0.0,0.0
mitonet,mito,empiar_10982_mitonet_benchmark,EMPIAR-10982,sali_00070,sparse,15.0,mito_benchmarks/salivary_gland/salivary_gland_em.tif,0.122,0.0,0.0,0.0,0.0,0.0,0.998399,0.999989,0,180,26686,16750350,26686,180,712701,0.037443,0.0,0.0,ok,2,20,0.0,0.0,0.0,0.0,0.0,0.0,0.0,0.0,0.0,0.0,0.0
mitonet,mito,empiar_10982_mitonet_benchmark,EMPIAR-10982,sali_00071,sparse,15.0,mito_benchmarks/salivary_gland/salivary_gland_em.tif,0.193,0.01635,0.008242,0.314642,0.008393,0.01635,0.998551,0.999974,202,440,23866,16752708,24068,642,808146,0.029782,0.015453,0.018567,ok,5,17,0.0,0.0,0.0,0.0,0.0,0.0,0.0,0.0,0.0,0.0,0.0
mitonet,mito,empiar_10982_mitonet_benchmark,EMPIAR-10982,sali_00072,sparse,15.0,mito_benchmarks/salivary_gland/salivary_gland_em.tif,0.148,0.022832,0.011548,0.390205,0.01176,0.022832,0.99874,0.999977,247,386,20756,16755827,21003,633,840368,0.024993,0.042339,0.010076,ok,5,19,0.0,0.0,0.0,0.0,0.0,0.0,0.0,0.0,0.0,0.0,0.0
mitonet,mito,empiar_10982_mitonet_benchmark,EMPIAR-10982,sali_00073,sparse,15.0,mito_benchmarks/salivary_gland/salivary_gland_em.tif,0.22,0.094406,0.049542,0.406888,0.053398,0.094406,0.998838,0.999912,1016,1481,18011,16756708,19027,2497,783881,0.024273,0.106872,0.041934,ok,5,17,0.2,0.058824,0.090909,0.047619,0.0,0.0,0.0,0.0,0.051549,0.567037,0.090909
mitonet,mito,empiar_10982_mitonet_benchmark,EMPIAR-10982,sali_00074,sparse,15.0,mito_benchmarks/salivary_gland/salivary_gland_em.tif,0.169,0.137835,0.074019,0.870892,0.07484,0.137835,0.998893,0.999987,1484,220,18345,16757167,19829,1704,750882,0.026408,0.137289,0.079631,ok,7,15,0.142857,0.066667,0.090909,0.047619,0.0,0.0,0.0,0.0,0.065063,0.715698,0.090909
mitonet,mito,empiar_10982_mitonet_benchmark,EMPIAR-10982,sali_00075,sparse,15.0,mito_benchmarks/salivary_gland/salivary_gland_em.tif,0.184,0.169616,0.092667,0.656297,0.097393,0.169616,0.99899,0.999946,1730,906,16033,16758547,17763,2636,760971,0.023343,0.202798,0.174193,ok,6,14,0.166667,0.071429,0.1,0.052632,0.166667,0.071429,0.1,0.052632,0.07766,0.776596,0.1
mitonet,mito,empiar_10982_mitonet_benchmark,EMPIAR-10982,sali_00076,sparse,15.0,mito_benchmarks/salivary_gland/salivary_gland_em.tif,0.226,0.271289,0.156932,0.736228,0.166281,0.271289,0.998827,0.999922,3662,1312,18361,16753881,22023,4974,757185,0.029085,0.279195,0.344491,ok,9,17,0.444444,0.235294,0.307692,0.181818,0.111111,0.058824,0.076923,0.04,0.206663,0.671656,0.307692
mitonet,mito,empiar_10982_mitonet_benchmark,EMPIAR-10982,sali_00077,sparse,15.0,mito_benchmarks/salivary_gland/salivary_gland_em.tif,0.2,0.133974,0.071797,0.635622,0.074878,0.133974,0.99898,0.999955,1324,759,16358,16758775,17682,2083,687754,0.02571,0.150224,0.122632,ok,8,14,0.25,0.142857,0.181818,0.1,0.0,0.0,0.0,0.0,0.115832,0.637078,0.181818
mitonet,mito,empiar_10982_mitonet_benchmark,EMPIAR-10982,sali_00078,sparse,15.0,mito_benchmarks/salivary_gland/salivary_gland_em.tif,0.184,0.059222,0.030514,0.283019,0.033071,0.059222,0.998608,0.999889,735,1862,21490,16753129,22225,2597,624682,0.035578,0.057936,0.006429,ok,5,15,0.0,0.0,0.0,0.0,0.0,0.0,0.0,0.0,0.0,0.0,0.0
mitonet,mito,empiar_10982_mitonet_benchmark,EMPIAR-10982,sali_00079,sparse,15.0,mito_benchmarks/salivary_gland/salivary_gland_em.tif,0.177,0.205271,0.114374,0.817152,0.117378,0.205271,0.998602,0.99996,3030,678,22784,16750724,25814,3708,594080,0.043452,0.200958,0.139137,ok,6,18,0.333333,0.111111,0.166667,0.090909,0.333333,0.111111,0.166667,0.090909,0.133836,0.803016,0.166667
mitonet,mito,empiar_10982_mitonet_benchmark,EMPIAR-10982,sali_00080,sparse,15.0,mito_benchmarks/salivary_gland/salivary_gland_em.tif,0.224,0.151857,0.082168,0.758143,0.084379,0.151857,0.99876,0.999965,1862,594,20205,16754555,22067,2456,577424,0.038216,0.103604,0.063146,ok,5,20,0.2,0.05,0.08,0.041667,0.0,0.0,0.0,0.0,0.057486,0.718571,0.08
mitonet,mito,empiar_10982_mitonet_benchmark,EMPIAR-10982,sali_00081,sparse,15.0,mito_benchmarks/salivary_gland/salivary_gland_em.tif,0.181,0.128541,0.068685,0.929095,0.069047,0.128541,0.998772,0.999993,1520,116,20494,16755086,22014,1636,326748,0.067373,0.122287,0.051928,ok,7,17,0.0,0.0,0.0,0.0,0.0,0.0,0.0,0.0,0.0,0.0,0.0
mitonet,mito,empiar_10982_mitonet_benchmark,EMPIAR-10982,sali_00082,sparse,15.0,mito_benchmarks/salivary_gland/salivary_gland_em.tif,0.13,0.243246,0.138464,0.992937,0.1386,0.243246,0.998853,0.999999,3093,22,19223,16754878,22316,3115,292248,0.07636,0.255713,0.146389,ok,4,14,0.5,0.142857,0.222222,0.125,0.25,0.071429,0.111111,0.058824,0.147918,0.66563,0.222222
mitonet,mito,empiar_10982_mitonet_benchmark,EMPIAR-10982,sali_00083,sparse,15.0,mito_benchmarks/salivary_gland/salivary_gland_em.tif,0.123,0.095326,0.050049,0.563821,0.052065,0.095326,0.999185,0.999967,720,557,13109,16762830,13829,1277,328185,0.042138,0.131425,0.084761,ok,4,9,0.25,0.111111,0.153846,0.083333,0.0,0.0,0.0,0.0,0.096573,0.627724,0.153846
mitonet,mito,empiar_10982_mitonet_benchmark,EMPIAR-10982,sali_00084,sparse,15.0,mito_benchmarks/salivary_gland/salivary_gland_em.tif,0.121,0.0,0.0,0.0,0.0,0.0,0.999451,0.999994,0,98,9105,16768013,9105,98,318004,0.028632,0.0,0.00765,ok,1,7,0.0,0.0,0.0,0.0,0.0,0.0,0.0,0.0,0.0,0.0,0.0
mitonet,mito,empiar_10982_mitonet_benchmark,EMPIAR-10982,sali_00085,sparse,15.0,mito_benchmarks/salivary_gland/salivary_gland_em.tif,0.131,0.0,0.0,0.0,0.0,0.0,0.999632,0.999985,0,257,5922,16771037,5922,257,204074,0.029019,0.0,0.0,ok,1,6,0.0,0.0,0.0,0.0,0.0,0.0,0.0,0.0,0.0,0.0,0.0
mitonet,mito,empiar_10982_mitonet_benchmark,EMPIAR-10982,sali_00086,sparse,15.0,mito_benchmarks/salivary_gland/salivary_gland_em.tif,0.13,0.33717,0.202769,0.798771,0.213684,0.33717,0.999756,0.999984,1040,262,3827,16772087,4867,1302,334880,0.014534,0.246914,0.230496,ok,3,5,0.333333,0.2,0.25,0.142857,0.333333,0.2,0.25,0.142857,0.212039,0.848154,0.25
mitonet,mito,empiar_10982_mitonet_benchmark,EMPIAR-10982,sali_00087,sparse,15.0,mito_benchmarks/salivary_gland/salivary_gland_em.tif,0.128,0.0,0.0,nan,0.0,0.0,0.999956,1.0,0,0,740,16776476,740,0,3762,0.196704,0.0,0.0,ok,0,1,nan,0.0,0.0,0.0,nan,0.0,0.0,0.0,0.0,0.0,0.0
mitonet,mito,empiar_10982_mitonet_benchmark,EMPIAR-10982,sali_00088,sparse,15.0,mito_benchmarks/salivary_gland/salivary_gland_em.tif,0.125,0.018727,0.009452,0.051125,0.011463,0.018727,0.999844,0.999972,25,464,2156,16774571,2181,489,77682,0.028076,0.0,0.072144,ok,2,2,0.0,0.0,0.0,0.0,0.0,0.0,0.0,0.0,0.0,0.0,0.0
mitonet,mito,empiar_10982_mitonet_benchmark,EMPIAR-10982,sali_00089,sparse,15.0,mito_benchmarks/salivary_gland/salivary_gland_em.tif,0.12,0.021734,0.010986,1.0,0.010986,0.021734,0.999742,1.0,48,0,4321,16772847,4369,48,82680,0.052842,0.013423,0.0,ok,2,4,0.0,0.0,0.0,0.0,0.0,0.0,0.0,0.0,0.0,0.0,0.0
mitonet,mito,empiar_10982_mitonet_benchmark,EMPIAR-10982,sali_00090,sparse,15.0,mito_benchmarks/salivary_gland/salivary_gland_em.tif,0.125,0.002991,0.001498,0.007937,0.001843,0.002991,0.999682,0.99994,8,1000,4333,16771875,4341,1008,77546,0.05598,0.0,0.033719,ok,3,6,0.0,0.0,0.0,0.0,0.0,0.0,0.0,0.0,0.0,0.0,0.0
mitonet,mito,empiar_10982_mitonet_benchmark,EMPIAR-10982,sali_00091,sparse,15.0,mito_benchmarks/salivary_gland/salivary_gland_em.tif,0.124,0.108772,0.057514,0.563636,0.060194,0.108772,0.999243,0.999964,775,600,12100,16763741,12875,1375,57134,0.225347,0.121685,0.112802,ok,2,8,0.5,0.125,0.2,0.111111,0.0,0.0,0.0,0.0,0.137345,0.686724,0.2
mitonet,mito,empiar_10982_mitonet_benchmark,EMPIAR-10982,sali_00092,sparse,15.0,mito_benchmarks/salivary_gland/salivary_gland_em.tif,0.124,0.0,0.0,0.0,0.0,0.0,0.998948,0.999973,0,453,17204,16759559,17204,453,52974,0.324763,0.0,0.0,ok,1,7,0.0,0.0,0.0,0.0,0.0,0.0,0.0,0.0,0.0,0.0,0.0
mitonet,mito,empiar_10982_mitonet_benchmark,EMPIAR-10982,sali_00093,sparse,15.0,mito_benchmarks/salivary_gland/salivary_gland_em.tif,0.12,0.366099,0.224065,0.939394,0.227351,0.366099,0.99913,0.999984,4216,272,14328,16758400,18544,4488,81420,0.227757,0.390439,0.178106,ok,2,6,0.5,0.166667,0.25,0.142857,0.5,0.166667,0.25,0.142857,0.19892,0.795679,0.25
mitonet,mito,empiar_10982_mitonet_benchmark,EMPIAR-10982,sali_00094,sparse,15.0,mito_benchmarks/salivary_gland/salivary_gland_em.tif,0.186,0.0,0.0,nan,0.0,0.0,0.999583,1.0,0,0,6993,16770223,6993,0,29388,0.237954,0.0,0.0,ok,0,3,nan,0.0,0.0,0.0,nan,0.0,0.0,0.0,0.0,0.0,0.0
mitonet,mito,empiar_10982_mitonet_benchmark,EMPIAR-10982,tem_00095,sparse,2.0,tem_benchmark/images/0s1JawDdbBymwtwOjgx8.tiff,0.123,0.865365,0.762681,0.937816,0.803305,0.865365,0.997507,0.999463,134405,8912,32910,16600989,167315,143317,803160,0.208321,0.861833,0.588697,ok,16,17,0.9375,0.882353,0.909091,0.833333,0.6875,0.647059,0.666667,0.5,0.741116,0.815228,0.909091
mitonet,mito,empiar_10982_mitonet_benchmark,EMPIAR-10982,tem_00096,sparse,2.0,tem_benchmark/images/17pOyGcUusCVRfzUZxTs.tiff,0.124,0.922763,0.856601,0.895458,0.951785,0.922763,0.999103,0.999371,89938,10500,4556,16672222,94494,100438,365120,0.258803,0.900263,0.694587,ok,11,8,0.727273,1.0,0.842105,0.727273,0.727273,1.0,0.842105,0.727273,0.772169,0.91695,0.842105
mitonet,mito,empiar_10982_mitonet_benchmark,EMPIAR-10982,tem_00097,sparse,2.0,tem_benchmark/images/1U0jYrdPwdlRDsQzkUNc.tiff,0.342,0.951548,0.907574,0.959566,0.943663,0.951548,0.999615,0.99984,63434,2673,3787,16707322,67221,66107,1009664,0.066578,0.974374,0.924721,ok,44,43,0.931818,0.953488,0.942529,0.891304,0.909091,0.930233,0.91954,0.851064,0.850078,0.901912,0.942529
mitonet,mito,empiar_10982_mitonet_benchmark,EMPIAR-10982,tem_00098,sparse,2.0,tem_benchmark/images/1unGsOC0dfeB02LCtQwi.tiff,0.136,0.942233,0.890775,0.948223,0.936317,0.942233,0.999386,0.999725,83968,4585,5711,16682952,89679,88553,894976,0.100203,0.931365,0.8128,ok,15,16,1.0,0.9375,0.967742,0.9375,1.0,0.9375,0.967742,0.9375,0.913894,0.944357,0.967742
mitonet,mito,empiar_10982_mitonet_benchmark,EMPIAR-10982,tem_00099,sparse,2.0,tem_benchmark/images/1vNHcbV4bWuC1zywuBdP.tiff,0.145,0.906645,0.829232,0.962149,0.857195,0.906645,0.996641,0.999346,273668,10766,45592,16447190,319260,284434,814080,0.392173,0.929607,0.72798,ok,29,28,0.862069,0.892857,0.877193,0.78125,0.793103,0.821429,0.807018,0.676471,0.804728,0.91739,0.877193
mitonet,mito,empiar_10982_mitonet_benchmark,EMPIAR-10982,tem_00100,sparse,2.0,tem_benchmark/images/2Tlqk9n8mmGv6G0EGxwl.tiff,0.425,0.972203,0.94591,0.988292,0.956631,0.972203,0.99731,0.999414,789136,9349,35776,15942955,824912,798485,1048576,0.786697,0.963387,0.780983,ok,59,62,0.949153,0.903226,0.92562,0.861538,0.949153,0.903226,0.92562,0.861538,0.860123,0.92924,0.92562
mitonet,mito,empiar_10982_mitonet_benchmark,EMPIAR-10982,tem_00101,sparse,2.0,tem_benchmark/images/3ib2iOCHNQIgrUaxnLwm.tiff,0.25,0.850918,0.740519,0.955443,0.767007,0.850918,0.999594,0.999946,19449,907,5908,16750952,25357,20356,235470,0.107687,0.879131,0.850431,ok,65,86,0.769231,0.581395,0.662252,0.49505,0.6,0.453488,0.516556,0.348214,0.567057,0.856256,0.662252
mitonet,mito,empiar_10982_mitonet_benchmark,EMPIAR-10982,tem_00102,sparse,2.0,tem_benchmark/images/3pbuH37yaTFrTt52QdNO.tiff,0.481,0.96463,0.931677,0.981476,0.948353,0.96463,0.997001,0.999193,686127,12950,37366,16040773,723493,699077,1154560,0.62664,0.965408,0.904505,ok,100,23,0.11,0.478261,0.178862,0.098214,0.07,0.304348,0.113821,0.060345,0.155021,0.86671,0.178862
mitonet,mito,empiar_10982_mitonet_benchmark,EMPIAR-10982,tem_00103,sparse,2.0,tem_benchmark/images/5BzcbKwHruGS296dUugB.tiff,0.242,0.807089,0.676571,0.969833,0.691116,0.807089,0.9996,0.999974,14049,437,6279,16756451,20328,14486,72756,0.2794,0.881519,0.828641,ok,40,79,0.85,0.43038,0.571429,0.4,0.6,0.303797,0.403361,0.252632,0.461384,0.807422,0.571429
mitonet,mito,empiar_10982_mitonet_benchmark,EMPIAR-10982,tem_00104,sparse,2.0,tem_benchmark/images/6plriVrEepvhHyOBmtUc.tiff,0.421,0.584193,0.412622,0.69581,0.503435,0.584193,0.998296,0.999476,20079,8778,19805,16728554,39884,28857,619719,0.064358,0.630607,0.486044,ok,34,33,0.5,0.515152,0.507463,0.34,0.323529,0.333333,0.328358,0.196429,0.397718,0.783739,0.507463
mitonet,mito,empiar_10982_mitonet_benchmark,EMPIAR-10982,tem_00105,sparse,2.0,tem_benchmark/images/6uc2ydKjW1yJG033GPjj.tiff,0.114,0.932356,0.873284,0.93379,0.930928,0.932356,0.999756,0.99988,28249,2003,2096,16744868,30345,30252,381920,0.079454,0.957323,0.752841,ok,8,8,1.0,1.0,1.0,1.0,1.0,1.0,1.0,1.0,0.907471,0.907471,1.0
mitonet,mito,empiar_10982_mitonet_benchmark,EMPIAR-10982,tem_00106,sparse,2.0,tem_benchmark/images/7Z7jSCJZ23zSW2ZztTPJ.tiff,0.3,0.617535,0.446691,0.89894,0.470309,0.617535,0.994654,0.99951,72406,8140,81548,16615122,153954,80546,1048576,0.146822,0.663707,0.572597,ok,98,117,0.642857,0.538462,0.586047,0.414474,0.55102,0.461538,0.502326,0.335404,0.504049,0.860084,0.586047
mitonet,mito,empiar_10982_mitonet_benchmark,EMPIAR-10982,tem_00107,sparse,2.0,tem_benchmark/images/9SNS8ZHu7wx8HstQg2Vo.tiff,0.134,0.898119,0.815078,0.959371,0.844219,0.898119,0.999474,0.999902,38867,1646,7172,16729531,46039,40513,1012736,0.04546,0.870328,0.850675,ok,36,43,0.972222,0.813953,0.886076,0.795455,0.916667,0.767442,0.835443,0.717391,0.79555,0.897835,0.886076
mitonet,mito,empiar_10982_mitonet_benchmark,EMPIAR-10982,tem_00108,sparse,2.0,tem_benchmark/images/9jHLkwpVONtdgyvLyhds.tiff,0.14,0.791514,0.654963,0.949302,0.678703,0.791514,0.997683,0.999764,73794,3941,34934,16664547,108728,77735,967680,0.112359,0.831097,0.453945,ok,21,15,0.52381,0.733333,0.611111,0.44,0.333333,0.466667,0.388889,0.241379,0.4959,0.811473,0.611111
mitonet,mito,empiar_10982_mitonet_benchmark,EMPIAR-10982,tem_00109,sparse,2.0,tem_benchmark/images/AH9rwncuiyjonmnTpzc6.tiff,0.154,0.785601,0.646905,0.972611,0.658908,0.785601,0.997466,0.999868,77877,2193,40314,16656832,118191,80070,864032,0.13679,0.704424,0.531584,ok,10,17,0.9,0.529412,0.666667,0.5,0.8,0.470588,0.592593,0.421053,0.594342,0.891513,0.666667
mitonet,mito,empiar_10982_mitonet_benchmark,EMPIAR-10982,tem_00110,sparse,2.0,tem_benchmark/images/ALknkSgr7aoWr14RfrSV.tiff,0.417,0.913471,0.840724,0.957015,0.873717,0.913471,0.997305,0.99935,238690,10721,34499,16493306,273189,249411,1448502,0.188601,0.900291,0.776012,ok,12,7,0.416667,0.714286,0.526316,0.357143,0.416667,0.714286,0.526316,0.357143,0.485729,0.922886,0.526316
mitonet,mito,empiar_10982_mitonet_benchmark,EMPIAR-10982,tem_00111,sparse,2.0,tem_benchmark/images/AOVAPBvPacOXcUoVM3uZ.tiff,0.21,0.95941,0.921987,0.977912,0.941596,0.95941,0.997879,0.999418,420595,9500,26088,16321033,446683,430095,829440,0.538536,0.958822,0.80337,ok,60,54,0.866667,0.962963,0.912281,0.83871,0.833333,0.925926,0.877193,0.78125,0.83709,0.917579,0.912281
mitonet,mito,empiar_10982_mitonet_benchmark,EMPIAR-10982,tem_00112,sparse,2.0,tem_benchmark/images/AvUtncbaV60ITOmLlAkQ.tiff,0.378,0.89354,0.807566,0.941406,0.850306,0.89354,0.998654,0.999646,94776,5899,16685,16659856,111461,100675,801792,0.139015,0.899278,0.810513,ok,59,66,0.915254,0.818182,0.864,0.760563,0.847458,0.757576,0.8,0.666667,0.770469,0.891747,0.864
mitonet,mito,empiar_10982_mitonet_benchmark,EMPIAR-10982,tem_00113,sparse,2.0,tem_benchmark/images/DccMhwElHJmbuS2J8lrU.tiff,0.094,0.849792,0.738816,0.989417,0.744701,0.849792,0.998641,0.999959,64506,690,22114,16689906,86620,65196,581632,0.148926,0.863515,0.687967,ok,5,6,0.8,0.666667,0.727273,0.571429,0.8,0.666667,0.727273,0.571429,0.703046,0.966689,0.727273
mitonet,mito,empiar_10982_mitonet_benchmark,EMPIAR-10982,tem_00114,sparse,2.0,tem_benchmark/images/DprwEW2YlVIuqe8iiBUM.tiff,0.195,0.844229,0.730446,0.98066,0.741123,0.844229,0.999265,0.999961,33415,659,11672,16731470,45087,34074,794848,0.056724,0.752988,0.752584,ok,17,24,0.882353,0.625,0.731707,0.576923,0.764706,0.541667,0.634146,0.464286,0.669819,0.91542,0.731707
mitonet,mito,empiar_10982_mitonet_benchmark,EMPIAR-10982,tem_00115,sparse,2.0,tem_benchmark/images/E3DjzU1Hv0lKtRerU0dr.tiff,0.161,0.65586,0.487941,0.786949,0.562209,0.65586,0.997923,0.999462,33199,8988,25852,16709177,59051,42187,1048576,0.056315,0.736679,0.53869,ok,39,32,0.512821,0.625,0.56338,0.392157,0.410256,0.5,0.450704,0.290909,0.470626,0.835361,0.56338
mitonet,mito,empiar_10982_mitonet_benchmark,EMPIAR-10982,tem_00116,sparse,2.0,tem_benchmark/images/FJkyZfNswUHYI8UXjInE.tiff,0.146,0.775381,0.63316,0.833474,0.724858,0.775381,0.998128,0.999351,54215,10832,20579,16691590,74794,65047,973685,0.076815,0.765713,0.509301,ok,32,20,0.46875,0.75,0.576923,0.405405,0.40625,0.65,0.5,0.333333,0.477531,0.827721,0.576923
mitonet,mito,empiar_10982_mitonet_benchmark,EMPIAR-10982,tem_00117,sparse,2.0,tem_benchmark/images/FSqfiQ5X7pl4pbbBV3og.tiff,0.127,0.842903,0.728464,0.942248,0.762509,0.842903,0.999302,0.999885,31407,1925,9782,16734102,41189,33332,444344,0.092696,0.864967,0.656794,ok,8,9,0.75,0.666667,0.705882,0.545455,0.75,0.666667,0.705882,0.545455,0.64957,0.920225,0.705882
mitonet,mito,empiar_10982_mitonet_benchmark,EMPIAR-10982,tem_00118,sparse,2.0,tem_benchmark/images/FcQtYwd3CZhEoqWrZQ6a.tiff,0.164,0.842033,0.727166,0.882795,0.80487,0.842033,0.998869,0.999598,50578,6715,12262,16707661,62840,57293,821744,0.076472,0.799247,0.686728,ok,28,30,0.821429,0.766667,0.793103,0.657143,0.714286,0.666667,0.689655,0.526316,0.686224,0.865239,0.793103
mitonet,mito,empiar_10982_mitonet_benchmark,EMPIAR-10982,tem_00119,sparse,2.0,tem_benchmark/images/GC18X3wh91fultTzXk0n.tiff,0.11,0.933636,0.875531,0.987831,0.885077,0.933636,0.999578,0.999963,49844,614,6472,16720286,56316,50458,468765,0.120137,0.912383,0.678224,ok,9,8,0.888889,1.0,0.941176,0.888889,0.777778,0.875,0.823529,0.7,0.836167,0.888427,0.941176
mitonet,mito,empiar_10982_mitonet_benchmark,EMPIAR-10982,tem_00120,sparse,2.0,tem_benchmark/images/Gp5MEeb8iAuYfrAcOb3T.tiff,0.171,0.910262,0.835303,0.909007,0.91152,0.910262,0.99893,0.999454,91018,9111,8835,16668252,99853,100129,1001472,0.099706,0.910566,0.785772,ok,37,38,0.864865,0.842105,0.853333,0.744186,0.783784,0.763158,0.773333,0.630435,0.764394,0.895774,0.853333
mitonet,mito,empiar_10982_mitonet_benchmark,EMPIAR-10982,tem_00121,sparse,2.0,tem_benchmark/images/HIv1HOOLTWhvBGs2GLAW.tiff,0.344,0.950953,0.906492,0.933241,0.96935,0.950953,0.998439,0.998901,253836,18158,8026,16497196,261862,271994,1044480,0.25071,0.96533,0.827635,ok,56,50,0.857143,0.96,0.90566,0.827586,0.785714,0.88,0.830189,0.709677,0.816919,0.902015,0.90566
mitonet,mito,empiar_10982_mitonet_benchmark,EMPIAR-10982,tem_00122,sparse,2.0,tem_benchmark/images/HWJC0I0n5pPosm91fPN9.tiff,0.536,0.983465,0.967467,0.987597,0.979367,0.983465,0.999699,0.999887,150090,1885,3162,16622079,153252,151975,932000,0.164433,0.995338,0.912745,ok,16,16,1.0,1.0,1.0,1.0,1.0,1.0,1.0,1.0,0.961847,0.961847,1.0
mitonet,mito,empiar_10982_mitonet_benchmark,EMPIAR-10982,tem_00123,sparse,2.0,tem_benchmark/images/IsdoTn0CZN3NNBHw9eHs.tiff,0.202,0.794291,0.658775,0.844101,0.750032,0.794291,0.998907,0.999609,35394,6537,11796,16723489,47190,41931,1017856,0.046362,0.751502,0.727298,ok,70,73,0.7,0.671233,0.685315,0.521277,0.557143,0.534247,0.545455,0.375,0.587056,0.856623,0.685315
mitonet,mito,empiar_10982_mitonet_benchmark,EMPIAR-10982,tem_00124,sparse,2.0,tem_benchmark/images/JbZdraW8jUWOkWYenUQW.tiff,0.156,0.982648,0.965887,0.972864,0.99263,0.982648,0.999781,0.999826,103971,2900,772,16669573,104743,106871,282384,0.370924,0.99059,0.968392,ok,20,19,0.9,0.947368,0.923077,0.857143,0.85,0.894737,0.871795,0.772727,0.875028,0.947947,0.923077
mitonet,mito,empiar_10982_mitonet_benchmark,EMPIAR-10982,tem_00125,sparse,2.0,tem_benchmark/images/KDdqT7pjt4RB6DP9YhBv.tiff,0.146,0.935857,0.879447,0.964247,0.909091,0.935857,0.999833,0.999955,20470,759,2047,16753940,22517,21229,147076,0.153098,0.980959,0.737878,ok,8,8,1.0,1.0,1.0,1.0,1.0,1.0,1.0,1.0,0.8649,0.8649,1.0
mitonet,mito,empiar_10982_mitonet_benchmark,EMPIAR-10982,tem_00126,sparse,2.0,tem_benchmark/images/KYJvyQylQ6GoiyoABzCi.tiff,0.376,0.967738,0.937493,0.973517,0.962028,0.967738,0.999829,0.99993,43120,1173,1702,16731221,44822,44293,808588,0.055432,0.980306,0.984609,ok,47,47,0.957447,0.957447,0.957447,0.918367,0.957447,0.957447,0.957447,0.918367,0.905927,0.946191,0.957447
mitonet,mito,empiar_10982_mitonet_benchmark,EMPIAR-10982,tem_00127,sparse,2.0,tem_benchmark/images/MTeOXdixYD6o3ysTjtlY.tiff,0.112,0.598632,0.427177,0.84512,0.463459,0.598632,0.997853,0.999706,26863,4923,31099,16714331,57962,31786,540155,0.107306,0.483118,0.468038,ok,11,14,0.727273,0.571429,0.64,0.470588,0.727273,0.571429,0.64,0.470588,0.566508,0.885169,0.64
mitonet,mito,empiar_10982_mitonet_benchmark,EMPIAR-10982,tem_00128,sparse,2.0,tem_benchmark/images/MWyu8XxfJUz0tPpjMG68.tiff,0.192,0.884473,0.792875,0.897344,0.871967,0.884473,0.999395,0.999734,38881,4448,5709,16728178,44590,43329,400334,0.111382,0.850253,0.697857,ok,22,23,0.727273,0.695652,0.711111,0.551724,0.727273,0.695652,0.711111,0.551724,0.635977,0.894343,0.711111
mitonet,mito,empiar_10982_mitonet_benchmark,EMPIAR-10982,tem_00129,sparse,2.0,tem_benchmark/images/N9aIKs7lUVsYd6bT3LxC.tiff,0.183,0.956872,0.91731,0.966098,0.94782,0.956872,0.998756,0.999509,231506,8124,12745,16524841,244251,239630,1048576,0.232936,0.915493,0.843266,ok,18,18,0.888889,0.888889,0.888889,0.8,0.888889,0.888889,0.888889,0.8,0.858069,0.965328,0.888889
mitonet,mito,empiar_10982_mitonet_benchmark,EMPIAR-10982,tem_00130,sparse,2.0,tem_benchmark/images/NFlQQXCuLN49baKGNHc8.tiff,0.132,0.841942,0.727029,0.947333,0.757653,0.841942,0.998664,0.999801,59700,3319,19096,16695101,78796,63019,928768,0.084839,0.902831,0.6225,ok,14,16,0.785714,0.6875,0.733333,0.578947,0.642857,0.5625,0.6,0.428571,0.615222,0.838939,0.733333
mitonet,mito,empiar_10982_mitonet_benchmark,EMPIAR-10982,tem_00131,sparse,2.0,tem_benchmark/images/NWNws2Vo4AQhIw579f4E.tiff,0.177,0.932622,0.87375,0.946054,0.919565,0.932622,0.996839,0.998722,367050,20930,32106,16357130,399156,387980,944424,0.422645,0.917795,0.670932,ok,46,39,0.717391,0.846154,0.776471,0.634615,0.673913,0.794872,0.729412,0.574074,0.704326,0.907086,0.776471
mitonet,mito,empiar_10982_mitonet_benchmark,EMPIAR-10982,tem_00132,sparse,2.0,tem_benchmark/images/NpIsioJcraoQ7UM5w5KA.tiff,0.337,0.815844,0.688966,0.81456,0.817132,0.815844,0.99945,0.999722,20443,4654,4575,16747544,25018,25097,502200,0.049817,0.825147,0.731514,ok,52,42,0.615385,0.761905,0.680851,0.516129,0.461538,0.571429,0.510638,0.342857,0.563144,0.827118,0.680851
mitonet,mito,empiar_10982_mitonet_benchmark,EMPIAR-10982,tem_00133,sparse,2.0,tem_benchmark/images/P4f6REHlY0j5oPr8hyFr.tiff,0.119,0.771997,0.62866,0.986532,0.634102,0.771997,0.999693,0.999993,8717,119,5030,16763350,13747,8836,158330,0.086825,0.84473,0.796429,ok,41,77,0.853659,0.454545,0.59322,0.421687,0.536585,0.285714,0.372881,0.229167,0.466829,0.78694,0.59322
mitonet,mito,empiar_10982_mitonet_benchmark,EMPIAR-10982,tem_00134,sparse,2.0,tem_benchmark/images/PRV36TemoPe3oPNL0RXZ.tiff,0.427,0.949542,0.903931,0.957858,0.941368,0.949542,0.998322,0.999293,264933,11656,16501,16484126,281434,276589,1052945,0.267283,0.956624,0.900187,ok,46,44,0.869565,0.909091,0.888889,0.8,0.804348,0.840909,0.822222,0.698113,0.778848,0.876204,0.888889
mitonet,mito,empiar_10982_mitonet_benchmark,EMPIAR-10982,tem_00135,sparse,2.0,tem_benchmark/images/QLwSiZlPfFaKn9UkVw5A.tiff,0.136,0.907325,0.830371,0.976036,0.847653,0.907325,0.998879,0.999864,92089,2261,16551,16666315,108640,94350,1048576,0.103607,0.935077,0.748958,ok,21,20,0.857143,0.9,0.878049,0.782609,0.857143,0.9,0.878049,0.782609,0.80381,0.915451,0.878049
mitonet,mito,empiar_10982_mitonet_benchmark,EMPIAR-10982,tem_00136,sparse,2.0,tem_benchmark/images/QQZlSgIkiL7OdZ2a8oIm.tiff,0.148,0.760817,0.613967,0.830891,0.701643,0.760817,0.997707,0.999254,61191,12454,26020,16677551,87211,73645,847100,0.102952,0.721908,0.509532,ok,27,25,0.703704,0.76,0.730769,0.575758,0.37037,0.4,0.384615,0.238095,0.567947,0.77719,0.730769
mitonet,mito,empiar_10982_mitonet_benchmark,EMPIAR-10982,tem_00137,sparse,2.0,tem_benchmark/images/QWlbQZ1v00zxmk2Fp3Le.tiff,0.131,0.786167,0.647673,0.948609,0.671225,0.786167,0.997938,0.999793,63608,3446,31156,16679006,94764,67054,398812,0.237616,0.730564,0.518837,ok,12,12,0.833333,0.833333,0.833333,0.714286,0.583333,0.583333,0.583333,0.411765,0.667078,0.800494,0.833333
mitonet,mito,empiar_10982_mitonet_benchmark,EMPIAR-10982,tem_00138,sparse,2.0,tem_benchmark/images/QWqaLBDT0uuxxNX25kP9.tiff,0.295,0.833652,0.714754,0.791572,0.880457,0.833652,0.998952,0.999306,44066,11603,5983,16715564,50049,55669,1048576,0.04773,0.893045,0.819447,ok,26,25,0.769231,0.8,0.784314,0.645161,0.730769,0.76,0.745098,0.59375,0.719072,0.916817,0.784314
mitonet,mito,empiar_10982_mitonet_benchmark,EMPIAR-10982,tem_00139,sparse,2.0,tem_benchmark/images/QsP5DBmv2NYg8LUlw8b1.tiff,0.137,0.565348,0.394066,0.824535,0.430137,0.565348,0.998723,0.999823,13933,2965,18459,16741859,32392,16898,921496,0.035152,0.544735,0.440925,ok,29,41,0.551724,0.390244,0.457143,0.296296,0.37931,0.268293,0.314286,0.186441,0.368697,0.806524,0.457143
mitonet,mito,empiar_10982_mitonet_benchmark,EMPIAR-10982,tem_00140,sparse,2.0,tem_benchmark/images/R6p8J6wCSmn3aStj4GHv.tiff,0.28,0.806445,0.675667,0.982734,0.683784,0.806445,0.999336,0.999976,23222,408,10739,16742847,33961,23630,1029120,0.033,0.787566,0.651596,ok,12,17,0.75,0.529412,0.62069,0.45,0.583333,0.411765,0.482759,0.318182,0.540487,0.870785,0.62069
mitonet,mito,empiar_10982_mitonet_benchmark,EMPIAR-10982,tem_00141,sparse,2.0,tem_benchmark/images/RoECvy0RbILoKiv8jYab.tiff,0.105,0.897297,0.813725,0.962508,0.840361,0.897297,0.999858,0.999976,10423,406,1980,16764407,12403,10829,52455,0.23645,0.981627,0.685228,ok,6,6,0.833333,0.833333,0.833333,0.714286,0.5,0.5,0.5,0.333333,0.666977,0.800373,0.833333
mitonet,mito,empiar_10982_mitonet_benchmark,EMPIAR-10982,tem_00142,sparse,2.0,tem_benchmark/images/SXnwBMNzR18D8sKSjh8g.tiff,0.158,0.949948,0.904667,0.96924,0.931408,0.949948,0.999784,0.999935,34409,1092,2534,16739181,36943,35501,1048576,0.035232,0.974134,0.889142,ok,14,15,0.928571,0.866667,0.896552,0.8125,0.857143,0.8,0.827586,0.705882,0.819115,0.913628,0.896552
mitonet,mito,empiar_10982_mitonet_benchmark,EMPIAR-10982,tem_00143,sparse,2.0,tem_benchmark/images/TCzgvIZVHqNFtdJEPaXf.tiff,0.107,0.000329,0.000165,1.0,0.000165,0.000329,0.97611,1.0,66,0,400801,16376349,400867,66,808828,0.495615,0.0,0.0,ok,1,17,0.0,0.0,0.0,0.0,0.0,0.0,0.0,0.0,0.0,0.0,0.0
mitonet,mito,empiar_10982_mitonet_benchmark,EMPIAR-10982,tem_00144,sparse,2.0,tem_benchmark/images/TbVlEbkOaXvgqXuOC2y5.tiff,0.408,0.957185,0.917885,0.9466,0.968008,0.957185,0.998984,0.999352,190597,10752,6299,16569568,196896,201349,1040384,0.189253,0.934588,0.798155,ok,15,13,0.866667,1.0,0.928571,0.866667,0.866667,1.0,0.928571,0.866667,0.875102,0.942417,0.928571
mitonet,mito,empiar_10982_mitonet_benchmark,EMPIAR-10982,tem_00145,sparse,2.0,tem_benchmark/images/UH2Xa2sqyug07qibeLI2.tiff,0.138,0.645743,0.476824,0.834083,0.526791,0.645743,0.994425,0.998979,85250,16958,76579,16598429,161829,102208,652036,0.24819,0.64194,0.328784,ok,19,21,0.631579,0.571429,0.6,0.428571,0.578947,0.52381,0.55,0.37931,0.486912,0.81152,0.6
mitonet,mito,empiar_10982_mitonet_benchmark,EMPIAR-10982,tem_00146,sparse,2.0,tem_benchmark/images/UTbbCmNhBbRwzOznV6eM.tiff,0.1,0.950978,0.906538,0.957766,0.944286,0.950978,0.999811,0.999919,30728,1355,1813,16743320,32541,32083,406636,0.080025,0.864469,0.668565,ok,5,4,0.8,1.0,0.888889,0.8,0.8,1.0,0.888889,0.8,0.81718,0.919328,0.888889
mitonet,mito,empiar_10982_mitonet_benchmark,EMPIAR-10982,tem_00147,sparse,2.0,tem_benchmark/images/Ub2PGMk15slpiDOMy6gd.tiff,0.167,0.884743,0.793308,0.875846,0.893822,0.884743,0.998893,0.999395,71293,10106,8469,16687348,79762,81399,839474,0.095014,0.916778,0.687887,ok,20,20,0.7,0.7,0.7,0.538462,0.5,0.5,0.5,0.333333,0.577068,0.824383,0.7
mitonet,mito,empiar_10982_mitonet_benchmark,EMPIAR-10982,tem_00148,sparse,2.0,tem_benchmark/images/UuyHhnn7MjnSClcZPBAG.tiff,0.28,0.749703,0.59962,0.942309,0.622471,0.749703,0.998292,0.999843,42925,2628,26034,16705629,68959,45553,533338,0.129297,0.745123,0.619251,ok,33,46,0.787879,0.565217,0.658228,0.490566,0.727273,0.521739,0.607595,0.436364,0.582006,0.884202,0.658228
mitonet,mito,empiar_10982_mitonet_benchmark,EMPIAR-10982,tem_00149,sparse,2.0,tem_benchmark/images/V52bj9CYW97AUqevB2Rv.tiff,0.384,0.911754,0.837819,0.965038,0.864045,0.911754,0.997524,0.99953,214609,7775,33768,16521064,248377,222384,858112,0.289446,0.918479,0.750491,ok,35,22,0.542857,0.863636,0.666667,0.5,0.485714,0.772727,0.596491,0.425,0.578998,0.868497,0.666667
mitonet,mito,empiar_10982_mitonet_benchmark,EMPIAR-10982,tem_00150,sparse,2.0,tem_benchmark/images/VFu9kl8plvKxrBEwRfhL.tiff,0.153,0.777093,0.635447,0.888136,0.69073,0.777093,0.999171,0.999818,24255,3055,10860,16739046,35115,27310,761805,0.046094,0.820071,0.646654,ok,25,30,0.8,0.666667,0.727273,0.571429,0.68,0.566667,0.618182,0.447368,0.618032,0.849795,0.727273
mitonet,mito,empiar_10982_mitonet_benchmark,EMPIAR-10982,tem_00151,sparse,2.0,tem_benchmark/images/VcJ1fV2RlrJrmLHIzdIv.tiff,0.116,0.893772,0.807945,0.968428,0.829802,0.893772,0.999499,0.999931,35367,1153,7254,16733442,42621,36520,858162,0.049665,0.920772,0.793776,ok,20,26,0.95,0.730769,0.826087,0.703704,0.9,0.692308,0.782609,0.642857,0.747391,0.904737,0.826087
mitonet,mito,empiar_10982_mitonet_benchmark,EMPIAR-10982,tem_00152,sparse,2.0,tem_benchmark/images/WCqmS6R1MFjZfQXMEbov.tiff,0.247,0.956284,0.916229,0.932127,0.981726,0.956284,0.999093,0.999271,166379,12115,3097,16595625,169476,178494,416273,0.407127,0.961683,0.823059,ok,47,47,0.893617,0.893617,0.893617,0.807692,0.851064,0.851064,0.851064,0.740741,0.803794,0.899483,0.893617
mitonet,mito,empiar_10982_mitonet_benchmark,EMPIAR-10982,tem_00153,sparse,2.0,tem_benchmark/images/X1DAYM5MVaMXPhpeeTBT.tiff,0.107,0.261379,0.150337,0.715968,0.159872,0.261379,0.998505,0.999895,4439,1761,23327,16747689,27766,6200,304914,0.091062,0.260759,0.16905,ok,2,10,0.5,0.1,0.166667,0.090909,0.5,0.1,0.166667,0.090909,0.152763,0.916581,0.166667
mitonet,mito,empiar_10982_mitonet_benchmark,EMPIAR-10982,tem_00154,sparse,2.0,tem_benchmark/images/XsisEi7EmDiq7esbhl3k.tiff,0.253,0.910829,0.836258,0.969333,0.858984,0.910829,0.999778,0.999964,19060,603,3129,16754424,22189,19663,1048576,0.021161,0.94432,0.841102,ok,18,19,0.833333,0.789474,0.810811,0.681818,0.722222,0.684211,0.702703,0.541667,0.716561,0.883758,0.810811
mitonet,mito,empiar_10982_mitonet_benchmark,EMPIAR-10982,tem_00155,sparse,2.0,tem_benchmark/images/XzLxoE9qQ3O9Gq28iveF.tiff,0.137,0.945124,0.895957,0.962678,0.928199,0.945124,0.999358,0.999784,92805,3598,7179,16673634,99984,96403,1019904,0.098033,0.977857,0.699133,ok,22,21,0.954545,1.0,0.976744,0.954545,0.909091,0.952381,0.930233,0.869565,0.868818,0.889505,0.976744
mitonet,mito,empiar_10982_mitonet_benchmark,EMPIAR-10982,tem_00156,sparse,2.0,tem_benchmark/images/Y5Uy1ACZO4MkqTvSzJcS.tiff,0.139,0.933246,0.874846,0.974822,0.895072,0.933246,0.998828,0.999786,137483,3551,16117,16620065,153600,141034,291000,0.527835,0.976403,0.784057,ok,9,9,0.888889,0.888889,0.888889,0.8,0.888889,0.888889,0.888889,0.8,0.840293,0.945329,0.888889
mitonet,mito,empiar_10982_mitonet_benchmark,EMPIAR-10982,tem_00157,sparse,2.0,tem_benchmark/images/YnjZLcFb5mRSIQR7oTJ1.tiff,0.292,0.814386,0.68689,0.801202,0.828012,0.814386,0.99774,0.998762,83192,20642,17280,16656102,100472,103834,715776,0.140368,0.808387,0.707647,ok,105,99,0.714286,0.757576,0.735294,0.581395,0.580952,0.616162,0.598039,0.426573,0.616811,0.838862,0.735294
mitonet,mito,empiar_10982_mitonet_benchmark,EMPIAR-10982,tem_00158,sparse,2.0,tem_benchmark/images/aLriAAXSpMzI1tSLzl05.tiff,0.146,0.943698,0.893398,0.931568,0.956148,0.943698,0.99969,0.999808,43630,3205,2001,16728380,45631,46835,682520,0.066857,0.974979,0.853318,ok,18,19,1.0,0.947368,0.972973,0.947368,1.0,0.947368,0.972973,0.947368,0.892591,0.917386,0.972973
mitonet,mito,empiar_10982_mitonet_benchmark,EMPIAR-10982,tem_00159,sparse,2.0,tem_benchmark/images/bUsTjDOJHiHMPCNIWkuT.tiff,0.243,0.349852,0.212012,0.713,0.231794,0.349852,0.999333,0.999928,3011,1212,9979,16763014,12990,4223,258842,0.050185,0.341044,0.301134,ok,4,9,0.75,0.333333,0.461538,0.3,0.5,0.222222,0.307692,0.181818,0.372633,0.807371,0.461538
mitonet,mito,empiar_10982_mitonet_benchmark,EMPIAR-10982,tem_00160,sparse,2.0,tem_benchmark/images/ch1HZ72XmfK9rD5K40QW.tiff,0.153,0.691279,0.52821,0.899967,0.561156,0.691279,0.99854,0.999818,27422,3048,21445,16725301,48867,30470,859408,0.056861,0.591008,0.650321,ok,21,25,0.666667,0.56,0.608696,0.4375,0.619048,0.52,0.565217,0.393939,0.538104,0.884028,0.608696
mitonet,mito,empiar_10982_mitonet_benchmark,EMPIAR-10982,tem_00161,sparse,2.0,tem_benchmark/images/cwpw4Zu4rqVzbTMPhql2.tiff,0.235,0.945887,0.89733,0.934334,0.957729,0.945887,0.999543,0.999718,66974,4707,2956,16702579,69930,71681,1037312,0.067415,0.967413,0.876631,ok,17,18,0.941176,0.888889,0.914286,0.842105,0.882353,0.833333,0.857143,0.75,0.845393,0.924648,0.914286
mitonet,mito,empiar_10982_mitonet_benchmark,EMPIAR-10982,tem_00162,sparse,2.0,tem_benchmark/images/d2Cvt7UfKPIAnaJGlKpw.tiff,0.179,0.874069,0.776308,0.952681,0.807441,0.874069,0.999162,0.999855,48763,2422,11629,16714402,60392,51185,826110,0.073104,0.885431,0.818325,ok,58,64,0.896552,0.8125,0.852459,0.742857,0.793103,0.71875,0.754098,0.605263,0.737737,0.865422,0.852459
mitonet,mito,empiar_10982_mitonet_benchmark,EMPIAR-10982,tem_00163,sparse,2.0,tem_benchmark/images/d7McLI44TDhNmnd1QSpo.tiff,0.127,0.949124,0.903174,0.918074,0.982347,0.949124,0.99945,0.99954,86086,7682,1547,16681901,87633,93768,650960,0.134621,0.972695,0.758465,ok,15,16,1.0,0.9375,0.967742,0.9375,1.0,0.9375,0.967742,0.9375,0.876511,0.905728,0.967742
mitonet,mito,empiar_10982_mitonet_benchmark,EMPIAR-10982,tem_00164,sparse,2.0,tem_benchmark/images/dYaOkBZPfpE3oHiplIst.tiff,0.247,0.90121,0.820184,0.963557,0.846441,0.90121,0.999662,0.999942,25885,979,4696,16745656,30581,26864,576534,0.053043,0.900423,0.75447,ok,8,10,1.0,0.8,0.888889,0.8,1.0,0.8,0.888889,0.8,0.818591,0.920915,0.888889
mitonet,mito,empiar_10982_mitonet_benchmark,EMPIAR-10982,tem_00165,sparse,2.0,tem_benchmark/images/e8mrOPbV0mqJZ5L7xY8c.tiff,0.156,0.734792,0.580768,0.918074,0.612511,0.734792,0.997678,0.999711,53969,4816,34142,16684289,88111,58785,731964,0.120376,0.744447,0.664198,ok,36,47,0.833333,0.638298,0.722892,0.566038,0.805556,0.617021,0.698795,0.537037,0.648681,0.897342,0.722892
mitonet,mito,empiar_10982_mitonet_benchmark,EMPIAR-10982,tem_00166,sparse,2.0,tem_benchmark/images/eL79mWeRWlqFAqOO6w8o.tiff,0.125,0.943375,0.892819,0.978032,0.91109,0.943375,0.999718,0.999947,39401,885,3845,16733085,43246,40286,571120,0.075721,0.974599,0.906487,ok,21,21,0.952381,0.952381,0.952381,0.909091,0.952381,0.952381,0.952381,0.909091,0.878921,0.922867,0.952381
mitonet,mito,empiar_10982_mitonet_benchmark,EMPIAR-10982,tem_00167,sparse,2.0,tem_benchmark/images/ghAKYp44DzBUhlyn7Kec.tiff,0.278,0.873501,0.775412,0.958382,0.802432,0.873501,0.99864,0.999795,78802,3422,19402,16675590,98204,82224,1044480,0.094022,0.903262,0.732231,ok,21,25,0.904762,0.76,0.826087,0.703704,0.809524,0.68,0.73913,0.586207,0.698491,0.845542,0.826087
mitonet,mito,empiar_10982_mitonet_benchmark,EMPIAR-10982,tem_00168,sparse,2.0,tem_benchmark/images/gxdh9YGZMJUB58YvyzgM.tiff,0.187,0.926756,0.863509,0.974541,0.883437,0.926756,0.997835,0.999637,229790,6003,30319,16511104,260109,235793,962560,0.270226,0.931897,0.830088,ok,42,42,0.904762,0.904762,0.904762,0.826087,0.857143,0.857143,0.857143,0.75,0.82309,0.909731,0.904762
mitonet,mito,empiar_10982_mitonet_benchmark,EMPIAR-10982,tem_00169,sparse,2.0,tem_benchmark/images/hR5EYnvM2Ysjfddi9ZTt.tiff,0.234,0.945697,0.896988,0.973209,0.919698,0.945697,0.998443,0.999621,227435,6261,19858,16523662,247293,233696,1048576,0.235837,0.958788,0.728337,ok,29,27,0.862069,0.925926,0.892857,0.806452,0.793103,0.851852,0.821429,0.69697,0.803546,0.899971,0.892857
mitonet,mito,empiar_10982_mitonet_benchmark,EMPIAR-10982,tem_00170,sparse,2.0,tem_benchmark/images/iDXfFDvQLRHsB4XZHb3A.tiff,0.109,0.440687,0.282616,0.980788,0.284189,0.440687,0.997189,0.999978,18582,364,46804,16711466,65386,18946,914432,0.071504,0.39196,0.164301,ok,3,6,0.666667,0.333333,0.444444,0.285714,0.333333,0.166667,0.222222,0.125,0.313565,0.705522,0.444444
mitonet,mito,empiar_10982_mitonet_benchmark,EMPIAR-10982,tem_00171,sparse,2.0,tem_benchmark/images/iidFXTWegya1bm1hl5to.tiff,0.446,0.358182,0.218162,0.950881,0.220648,0.358182,0.988145,0.999827,55501,2867,196035,16522813,251536,58368,1382400,0.181956,0.283253,0.346733,ok,48,129,0.625,0.232558,0.338983,0.204082,0.541667,0.20155,0.293785,0.172185,0.285063,0.840936,0.338983
mitonet,mito,empiar_10982_mitonet_benchmark,EMPIAR-10982,tem_00172,sparse,2.0,tem_benchmark/images/j1k88xV7tmKNMLM4bj1h.tiff,0.16,0.919383,0.850795,0.945047,0.895077,0.919383,0.999063,0.999687,89667,5214,10511,16671824,100178,94881,790251,0.126767,0.955169,0.660396,ok,21,21,0.857143,0.857143,0.857143,0.75,0.809524,0.809524,0.809524,0.68,0.75318,0.87871,0.857143
mitonet,mito,empiar_10982_mitonet_benchmark,EMPIAR-10982,tem_00173,sparse,2.0,tem_benchmark/images/k0Ij8iyjBDimmOPwtFHL.tiff,0.106,0.933892,0.875983,0.924728,0.94324,0.933892,0.999304,0.999598,82458,6712,4962,16683084,87420,89170,288351,0.303172,0.949984,0.641351,ok,17,18,1.0,0.944444,0.971429,0.944444,0.882353,0.833333,0.857143,0.75,0.8322,0.856676,0.971429
mitonet,mito,empiar_10982_mitonet_benchmark,EMPIAR-10982,tem_00174,sparse,2.0,tem_benchmark/images/k4Uw1csHJKTrviecgXyz.tiff,0.325,0.951215,0.906968,0.959736,0.942844,0.951215,0.999299,0.999711,114580,4807,6946,16650883,121526,119387,956416,0.127064,0.959703,0.820408,ok,19,19,0.894737,0.894737,0.894737,0.809524,0.894737,0.894737,0.894737,0.809524,0.835684,0.934,0.894737
mitonet,mito,empiar_10982_mitonet_benchmark,EMPIAR-10982,tem_00175,sparse,2.0,tem_benchmark/images/kBnMAlFJtapfTpTu5iHL.tiff,0.085,0.565195,0.393917,0.996337,0.394489,0.565195,0.9998,1.0,2176,8,3340,16771692,5516,2184,76310,0.072284,0.608696,0.516263,ok,1,2,1.0,0.5,0.666667,0.5,1.0,0.5,0.666667,0.5,0.608756,0.913135,0.666667
mitonet,mito,empiar_10982_mitonet_benchmark,EMPIAR-10982,tem_00176,sparse,2.0,tem_benchmark/images/kF3EaTAoYeTRf12uLsIX.tiff,0.548,0.893513,0.807523,0.973107,0.825955,0.893513,0.99467,0.999365,375196,10369,79061,16312590,454257,385565,1740000,0.261067,0.871938,0.765158,ok,38,41,0.947368,0.878049,0.911392,0.837209,0.736842,0.682927,0.708861,0.54902,0.782194,0.85824,0.911392
mitonet,mito,empiar_10982_mitonet_benchmark,EMPIAR-10982,tem_00177,sparse,2.0,tem_benchmark/images/lCH8UM6Mv2AG7zDPrqHA.tiff,0.121,0.568703,0.397334,0.813147,0.437257,0.568703,0.998402,0.999757,17677,4062,22750,16732727,40427,21739,824776,0.049016,0.664728,0.501726,ok,11,36,0.727273,0.222222,0.340426,0.205128,0.545455,0.166667,0.255319,0.146341,0.27236,0.800056,0.340426
mitonet,mito,empiar_10982_mitonet_benchmark,EMPIAR-10982,tem_00178,sparse,2.0,tem_benchmark/images/lw3ENjwOInSmgeNNY0Qk.tiff,0.342,0.645327,0.476371,0.926186,0.49517,0.645327,0.998979,0.999926,15584,1242,15888,16744502,31472,16826,551040,0.057114,0.62638,0.497093,ok,10,17,0.6,0.352941,0.444444,0.285714,0.5,0.294118,0.37037,0.227273,0.382108,0.859744,0.444444
mitonet,mito,empiar_10982_mitonet_benchmark,EMPIAR-10982,tem_00179,sparse,2.0,tem_benchmark/images/ngygM944aKxBq6rf72Zl.tiff,0.099,0.944497,0.894832,0.964237,0.92555,0.944497,0.999896,0.999967,14856,551,1195,16760614,16051,15407,838656,0.019139,0.984135,0.791712,ok,6,5,0.833333,1.0,0.909091,0.833333,0.833333,1.0,0.909091,0.833333,0.80594,0.886534,0.909091
mitonet,mito,empiar_10982_mitonet_benchmark,EMPIAR-10982,tem_00180,sparse,2.0,tem_benchmark/images/pLeNHL0RTZwYh5EwN7up.tiff,0.105,0.671322,0.505256,0.965077,0.514666,0.671322,0.999215,0.999971,13458,487,12691,16750580,26149,13945,69888,0.374156,0.68718,0.602161,ok,18,24,0.5,0.375,0.428571,0.272727,0.388889,0.291667,0.333333,0.2,0.347836,0.811617,0.428571
mitonet,mito,empiar_10982_mitonet_benchmark,EMPIAR-10982,tem_00181,sparse,2.0,tem_benchmark/images/pu4kmugMyXvbFtAgLogm.tiff,0.329,0.831689,0.711873,0.965404,0.730508,0.831689,0.999008,0.999912,41132,1474,15174,16719436,56306,42606,1020928,0.055152,0.793609,0.619671,ok,6,9,0.833333,0.555556,0.666667,0.5,0.833333,0.555556,0.666667,0.5,0.611698,0.917547,0.666667
mitonet,mito,empiar_10982_mitonet_benchmark,EMPIAR-10982,tem_00182,sparse,2.0,tem_benchmark/images/qOA9ml35XYXQjtWmFvvg.tiff,0.122,0.941702,0.889828,0.975434,0.910226,0.941702,0.999447,0.999887,74887,1886,7386,16693057,82273,76773,683220,0.120419,0.945914,0.820057,ok,17,17,0.941176,0.941176,0.941176,0.888889,0.823529,0.823529,0.823529,0.7,0.835312,0.887519,0.941176
mitonet,mito,empiar_10982_mitonet_benchmark,EMPIAR-10982,tem_00183,sparse,2.0,tem_benchmark/images/qqRmOpdujNXIqEuWrFLk.tiff,0.381,0.927812,0.865344,0.899934,0.957472,0.927812,0.997869,0.998455,229710,25542,10203,16511761,239913,255252,1116250,0.214928,0.922999,0.93037,ok,73,76,0.958904,0.921053,0.939597,0.886076,0.945205,0.907895,0.926174,0.8625,0.870387,0.926341,0.939597
mitonet,mito,empiar_10982_mitonet_benchmark,EMPIAR-10982,tem_00184,sparse,2.0,tem_benchmark/images/qs9OOX5WsQhRE3Kg2rpU.tiff,0.119,0.976145,0.953401,0.965201,0.98734,0.976145,0.999981,0.999986,6629,239,85,16770263,6714,6868,147804,0.045425,1.0,1.0,ok,2,2,1.0,1.0,1.0,1.0,1.0,1.0,1.0,1.0,0.952973,0.952973,1.0
mitonet,mito,empiar_10982_mitonet_benchmark,EMPIAR-10982,tem_00185,sparse,2.0,tem_benchmark/images/sN90grldkJUpRIAJ64Bz.tiff,0.125,0.42012,0.265919,0.798513,0.285046,0.42012,0.998657,0.999877,8160,2059,20467,16746530,28627,10219,526959,0.054325,0.49143,0.27074,ok,9,10,0.555556,0.5,0.526316,0.357143,0.333333,0.3,0.315789,0.1875,0.387397,0.736054,0.526316
mitonet,mito,empiar_10982_mitonet_benchmark,EMPIAR-10982,tem_00186,sparse,2.0,tem_benchmark/images/sXnNKReR54pzKRZ5rpfP.tiff,0.115,0.89928,0.816993,0.929533,0.870935,0.89928,0.998936,0.999638,79674,6040,11807,16679695,91481,85714,626628,0.145989,0.946196,0.648739,ok,11,11,0.909091,0.909091,0.909091,0.833333,0.727273,0.727273,0.727273,0.571429,0.75677,0.832447,0.909091
mitonet,mito,empiar_10982_mitonet_benchmark,EMPIAR-10982,tem_00187,sparse,2.0,tem_benchmark/images/snDIBSvwQMaqGKBbGF6V.tiff,0.121,0.825125,0.702308,0.852741,0.79924,0.825125,0.998623,0.999437,54497,9411,13689,16699619,68186,63908,1013968,0.067247,0.831988,0.55044,ok,16,17,0.8125,0.764706,0.787879,0.65,0.5625,0.529412,0.545455,0.375,0.655324,0.831757,0.787879
mitonet,mito,empiar_10982_mitonet_benchmark,EMPIAR-10982,tem_00188,sparse,2.0,tem_benchmark/images/uBBsOocNXDq5poteflbh.tiff,0.547,0.876349,0.779912,0.876748,0.875951,0.876349,0.998622,0.99931,81897,11513,11598,16672208,93495,93410,281074,0.332635,0.802476,0.63737,ok,18,14,0.666667,0.857143,0.75,0.6,0.5,0.642857,0.5625,0.391304,0.626712,0.835616,0.75
mitonet,mito,empiar_10982_mitonet_benchmark,EMPIAR-10982,tem_00189,sparse,2.0,tem_benchmark/images/v64IdYxtp9vzYzojtxir.tiff,0.129,0.813101,0.685063,0.969325,0.700244,0.813101,0.998052,0.999865,71100,2250,30436,16673430,101536,73350,568340,0.178654,0.861112,0.622377,ok,12,14,0.833333,0.714286,0.769231,0.625,0.666667,0.571429,0.615385,0.444444,0.649846,0.8448,0.769231
mitonet,mito,empiar_10982_mitonet_benchmark,EMPIAR-10982,tem_00190,sparse,2.0,tem_benchmark/images/vziaz0e1YZ9BJHIY7tJV.tiff,0.549,0.837238,0.720043,0.747257,0.951856,0.837238,0.998843,0.99899,49922,16885,2525,16707884,52447,66807,961536,0.054545,0.738963,0.698863,ok,16,14,0.8125,0.928571,0.866667,0.764706,0.8125,0.928571,0.866667,0.764706,0.799357,0.922335,0.866667
mitonet,mito,empiar_10982_mitonet_benchmark,EMPIAR-10982,tem_00191,sparse,2.0,tem_benchmark/images/xHSMEPuKIY4T3X4UURT5.tiff,0.118,0.681797,0.517217,0.942095,0.5342,0.681797,0.996355,0.999758,65518,4027,57129,16650542,122647,69545,724104,0.169378,0.685269,0.321903,ok,13,16,0.692308,0.5625,0.62069,0.45,0.692308,0.5625,0.62069,0.45,0.527942,0.850574,0.62069
mitonet,mito,empiar_10982_mitonet_benchmark,EMPIAR-10982,tem_00192,sparse,2.0,tem_benchmark/images/yayA9ov0gTMPe5oUDmCY.tiff,0.148,0.869895,0.769748,0.954008,0.799413,0.869895,0.999373,0.999899,35159,1695,8822,16731540,43981,36854,248050,0.177307,0.909985,0.773595,ok,26,32,0.923077,0.75,0.827586,0.705882,0.730769,0.59375,0.655172,0.487179,0.687272,0.830453,0.827586
mitonet,mito,empiar_10982_mitonet_benchmark,EMPIAR-10982,tem_00193,sparse,2.0,tem_benchmark/images/yn4W2WociugOlXWN83Ps.tiff,0.415,0.913898,0.841447,0.97017,0.863796,0.913898,0.998765,0.999797,109994,3382,17344,16646496,127338,113376,1048576,0.121439,0.890446,0.838679,ok,61,65,0.918033,0.861538,0.888889,0.8,0.868852,0.815385,0.84127,0.726027,0.80701,0.907886,0.888889
mitonet,mito,empiar_10982_mitonet_benchmark,EMPIAR-10982,tem_00194,sparse,2.0,tem_benchmark/images/zRf1ZWOS08TxjOvROo86.tiff,0.151,0.916311,0.845548,0.962598,0.874271,0.916311,0.999634,0.999922,33586,1305,4830,16737495,38416,34891,523887,0.073329,0.933756,0.784892,ok,11,13,0.909091,0.769231,0.833333,0.714286,0.818182,0.692308,0.75,0.6,0.754921,0.905906,0.833333
mitonet,mito,orgsegnet_plant,OrgSegNet-plant,te_00008,partial,24.68,image/A_001.tif,1.38,0.164931,0.089877,0.256586,0.121522,0.164931,0.997061,0.999157,4870,14110,35205,16723031,40075,18980,10710694,0.003742,0.172422,0.174015,ok,,,,,,,,,,,,,
mitonet,mito,orgsegnet_plant,OrgSegNet-plant,te_00009,partial,24.68,image/A_001.tif,1.23,0.167728,0.091541,0.266866,0.122296,0.167728,0.997101,0.999196,4901,13464,35174,16723677,40075,18365,8985870,0.00446,0.21305,0.135045,ok,,,,,,,,,,,,,
mitonet,mito,orgsegnet_plant,OrgSegNet-plant,te_00016,partial,7.41,image/A_005.tif,1.377,0.237759,0.134918,0.99229,0.13506,0.237759,0.983916,0.99998,42084,327,269511,16465294,311595,42411,10025966,0.031079,0.205451,0.083795,ok,,,,,,,,,,,,,
mitonet,mito,orgsegnet_plant,OrgSegNet-plant,te_00017,partial,7.41,image/A_005.tif,1.177,0.205896,0.114763,0.888979,0.116432,0.205896,0.97783,0.999632,48220,6022,365929,16357045,414149,54242,12274542,0.03374,0.216488,0.07854,ok,,,,,,,,,,,,,
mitonet,mito,orgsegnet_plant,OrgSegNet-plant,te_00026,partial,7.41,image/A_017.tif,1.093,0.0,0.0,0.0,0.0,0.0,0.981276,0.999907,0,1532,312603,16463081,312603,1532,13221888,0.023643,0.0,0.0,ok,,,,,,,,,,,,,
mitonet,mito,orgsegnet_plant,OrgSegNet-plant,te_00027,partial,7.41,image/A_017.tif,1.105,0.0,0.0,0.0,0.0,0.0,0.986768,0.999917,0,1367,220628,16555221,220628,1367,13218660,0.016691,0.0,0.0,ok,,,,,,,,,,,,,
mitonet,mito,orgsegnet_plant,OrgSegNet-plant,te_00048,partial,6.17,image/A_033.tif,1.158,0.0,0.0,0.0,0.0,0.0,0.982262,0.997228,0,45814,251779,16479623,251779,45814,11939840,0.021087,0.0,0.0,ok,,,,,,,,,,,,,
mitonet,mito,orgsegnet_plant,OrgSegNet-plant,te_00049,partial,6.17,image/A_033.tif,1.115,0.0,0.0,0.0,0.0,0.0,0.98163,0.996554,0,56948,251247,16469021,251247,56948,11882634,0.021144,0.0,0.0,ok,,,,,,,,,,,,,
mitonet,mito,orgsegnet_plant,OrgSegNet-plant,te_00066,partial,5.29,image/A_046.tif,1.111,0.0,0.0,0.0,0.0,0.0,0.992393,0.999852,0,2466,125150,16649600,125150,2466,13225984,0.009462,0.0,0.0,ok,,,,,,,,,,,,,
mitonet,mito,orgsegnet_plant,OrgSegNet-plant,te_00067,partial,5.29,image/A_046.tif,1.099,0.0,0.0,0.0,0.0,0.0,0.992384,0.999843,0,2622,125150,16649444,125150,2622,11469408,0.010912,0.0,0.0,ok,,,,,,,,,,,,,
mitonet,mito,orgsegnet_plant,OrgSegNet-plant,te_00088,partial,6.17,image/A_104.tif,1.105,0.034363,0.017482,0.60298,0.017686,0.034363,0.984544,0.999816,4614,3038,256275,16513289,260889,7652,12641265,0.020638,0.0,0.029678,ok,,,,,,,,,,,,,
mitonet,mito,orgsegnet_plant,OrgSegNet-plant,te_00089,partial,6.17,image/A_104.tif,1.112,0.0,0.0,0.0,0.0,0.0,0.982761,0.999656,0,5667,283557,16487992,283557,5667,13230080,0.021433,0.0,0.0,ok,,,,,,,,,,,,,
mitonet,mito,orgsegnet_plant,OrgSegNet-plant,te_00113,partial,12.34,image/A_116.tif,1.241,0.0,0.0,0.0,0.0,0.0,0.998209,0.999767,0,3911,26129,16747176,26129,3911,13226850,0.001975,0.0,0.0,ok,,,,,,,,,,,,,
mitonet,mito,orgsegnet_plant,OrgSegNet-plant,te_00150,partial,4.63,image/A_135.tif,1.348,0.019351,0.00977,0.063151,0.011426,0.019351,0.996079,0.999424,649,9628,56150,16710789,56799,10277,6895834,0.008237,0.0,0.02,ok,,,,,,,,,,,,,
mitonet,mito,orgsegnet_plant,OrgSegNet-plant,te_00151,partial,4.63,image/A_135.tif,1.117,0.026984,0.013677,0.079494,0.01625,0.026984,0.996032,0.999361,923,10688,55876,16709729,56799,11611,7632996,0.007441,0.0,0.023077,ok,,,,,,,,,,,,,
mitonet,mito,orgsegnet_plant,OrgSegNet-plant,te_00170,partial,18.51,image/A_145.tif,1.366,0.703766,0.542932,0.95413,0.557483,0.703766,0.992917,0.999589,141153,6786,112044,16517233,253197,147939,13230080,0.019138,0.667221,0.594527,ok,,,,,,,,,,,,,
mitonet,mito,orgsegnet_plant,OrgSegNet-plant,te_00171,partial,18.51,image/A_145.tif,1.319,0.681361,0.516716,0.957033,0.528988,0.681361,0.992619,0.99964,132395,5944,117885,16520992,250280,138339,13230080,0.018917,0.637018,0.5512,ok,,,,,,,,,,,,,
mitonet,mito,orgsegnet_plant,OrgSegNet-plant,te_00210,partial,7.41,image/A_165.tif,1.128,0.0,0.0,0.0,0.0,0.0,0.992972,0.99988,0,1997,115905,16659314,115905,1997,13223620,0.008765,0.0,0.0,ok,,,,,,,,,,,,,
mitonet,mito,orgsegnet_plant,OrgSegNet-plant,te_00211,partial,7.41,image/A_165.tif,1.126,0.0,0.0,0.0,0.0,0.0,0.992981,0.999889,0,1855,115905,16659456,115905,1855,13210700,0.008774,0.0,0.0,ok,,,,,,,,,,,,,
mitonet,mito,orgsegnet_plant,OrgSegNet-plant,te_00216,partial,7.41,image/A_168.tif,1.111,0.0,0.0,0.0,0.0,0.0,0.95278,0.999821,0,2865,789349,15985002,789349,2865,13225984,0.059682,0.0,0.0,ok,,,,,,,,,,,,,
mitonet,mito,orgsegnet_plant,OrgSegNet-plant,te_00217,partial,7.41,image/A_168.tif,1.097,0.0,0.0,0.0,0.0,0.0,0.966257,0.999817,0,2975,563131,16211110,563131,2975,13222755,0.042588,0.0,0.0,ok,,,,,,,,,,,,,
mitonet,mito,orgsegnet_plant,OrgSegNet-plant,te_00234,partial,6.17,image/A_177.tif,1.117,0.0,0.0,0.0,0.0,0.0,0.983835,0.99999,0,172,271037,16506007,271037,172,12248160,0.022129,0.0,0.0,ok,,,,,,,,,,,,,
mitonet,mito,orgsegnet_plant,OrgSegNet-plant,te_00235,partial,6.17,image/A_177.tif,1.105,0.0,0.0,nan,0.0,0.0,0.999952,1.0,0,0,804,16776412,804,0,13217160,6.1e-05,0.0,0.0,ok,,,,,,,,,,,,,
mitonet,mito,orgsegnet_plant,OrgSegNet-plant,te_00240,partial,5.29,image/A_180.tif,1.142,0.043324,0.022142,0.105844,0.027236,0.043324,0.933304,0.986493,25337,214043,904930,15632906,930267,239380,11833344,0.078614,0.0,0.013237,ok,,,,,,,,,,,,,
mitonet,mito,orgsegnet_plant,OrgSegNet-plant,te_00241,partial,5.29,image/A_180.tif,1.157,0.029637,0.015042,0.067866,0.018958,0.029637,0.942215,0.987288,14805,203345,766119,15792947,780924,218150,10897308,0.071662,0.0,0.018559,ok,,,,,,,,,,,,,
mitonet,mito,orgsegnet_plant,OrgSegNet-plant,te_00242,partial,7.41,image/A_181.tif,1.262,0.014224,0.007163,0.068962,0.00793,0.014224,0.960253,0.995983,4811,64952,601899,16105554,606710,69763,13217160,0.045903,0.0,0.040375,ok,,,,,,,,,,,,,
mitonet,mito,orgsegnet_plant,OrgSegNet-plant,te_00243,partial,7.41,image/A_181.tif,1.215,0.0098,0.004924,0.044028,0.005513,0.0098,0.959708,0.995508,3345,72630,603365,16097876,606710,75975,13226850,0.04587,0.0,0.028846,ok,,,,,,,,,,,,,
mitonet,mito,orgsegnet_plant,OrgSegNet-plant,te_00248,partial,3.09,image/A_184.tif,1.53,0.0,0.0,0.0,0.0,0.0,0.992512,0.999461,0,8986,116634,16651596,116634,8986,13217792,0.008824,0.0,0.0,ok,,,,,,,,,,,,,
mitonet,mito,orgsegnet_plant,OrgSegNet-plant,te_00249,partial,3.09,image/A_184.tif,2.326,0.0,0.0,0.0,0.0,0.0,0.990025,0.996956,0,50723,116634,16609859,116634,50723,13215432,0.008826,0.0,0.0,ok,,,,,,,,,,,,,
mitonet,mito,orgsegnet_plant,OrgSegNet-plant,te_00258,partial,5.29,image/A_189.tif,2.1,0.0,0.0,0.0,0.0,0.0,0.988855,0.997619,0,39597,147377,16590242,147377,39597,13225984,0.011143,0.0,0.0,ok,,,,,,,,,,,,,
mitonet,mito,orgsegnet_plant,OrgSegNet-plant,te_00259,partial,5.29,image/A_189.tif,1.292,0.0,0.0,0.0,0.0,0.0,0.990995,0.997962,0,33947,117133,16626136,117133,33947,12514320,0.00936,0.0,0.0,ok,,,,,,,,,,,,,
mitonet,mito,orgsegnet_plant,OrgSegNet-plant,te_00264,partial,12.34,image/A_192.tif,1.419,0.0,0.0,0.0,0.0,0.0,0.99809,0.999514,0,8147,23901,16745168,23901,8147,13226850,0.001807,0.0,0.0,ok,,,,,,,,,,,,,
mitonet,mito,orgsegnet_plant,OrgSegNet-plant,te_00265,partial,12.34,image/A_192.tif,1.313,0.0,0.0,0.0,0.0,0.0,0.997973,0.999397,0,10106,23901,16743209,23901,10106,13226850,0.001807,0.0,0.0,ok,,,,,,,,,,,,,
mitonet,mito,orgsegnet_plant,OrgSegNet-plant,te_00270,partial,24.68,image/A_195.tif,1.342,0.0,0.0,0.0,0.0,0.0,0.999056,0.999788,0,3559,12274,16761383,12274,3559,13226850,0.000928,0.0,0.0,ok,,,,,,,,,,,,,
mitonet,mito,orgsegnet_plant,OrgSegNet-plant,te_00271,partial,24.68,image/A_195.tif,1.595,0.233201,0.131991,0.445494,0.157938,0.233201,0.997894,0.9996,5374,6689,28652,16736501,34026,12063,13223620,0.002573,0.086486,0.194433,ok,,,,,,,,,,,,,
mitonet,mito,orgsegnet_plant,OrgSegNet-plant,te_00274,partial,24.68,image/A_197.tif,1.291,0.225226,0.126904,0.9969,0.126954,0.225226,0.999341,1.0,1608,5,11058,16764545,12666,1613,12309530,0.001029,0.235294,0.190955,ok,,,,,,,,,,,,,
mitonet,mito,orgsegnet_plant,OrgSegNet-plant,te_00275,partial,24.68,image/A_197.tif,1.277,0.0,0.0,nan,0.0,0.0,0.999795,1.0,0,0,3434,16773782,3434,0,10035610,0.000342,0.0,0.0,ok,,,,,,,,,,,,,
mitonet,mito,orgsegnet_plant,OrgSegNet-plant,te_00280,partial,18.51,image/A_200.tif,1.349,0.23208,0.131273,0.309074,0.185795,0.23208,0.998425,0.999467,3992,8924,17494,16746806,21486,12916,10909214,0.00197,0.325884,0.079096,ok,,,,,,,,,,,,,
mitonet,mito,orgsegnet_plant,OrgSegNet-plant,te_00281,partial,18.51,image/A_200.tif,1.367,0.26552,0.153084,0.340093,0.21777,0.26552,0.998457,0.999458,4679,9079,16807,16746651,21486,13758,13115392,0.001638,0.31068,0.115808,ok,,,,,,,,,,,,,
mitonet,mito,orgsegnet_plant,OrgSegNet-plant,te_00308,partial,5.29,image/A_214.tif,1.392,0.018047,0.009106,0.016391,0.020076,0.018047,0.982961,0.99053,2627,157640,128229,16488720,130856,160267,12709888,0.010296,0.0,0.01622,ok,,,,,,,,,,,,,
mitonet,mito,orgsegnet_plant,OrgSegNet-plant,te_00309,partial,5.29,image/A_214.tif,1.368,0.02465,0.012479,0.025501,0.023854,0.02465,0.97776,0.989133,4715,180177,192949,16399375,197664,184892,13223620,0.014948,0.0,0.022128,ok,,,,,,,,,,,,,
mitonet,mito,orgsegnet_plant,OrgSegNet-plant,te_00326,partial,12.34,image/A_223.tif,1.584,0.659438,0.491911,0.789106,0.56637,0.659438,0.990378,0.997469,156292,41770,119662,16459492,275954,198062,13230080,0.020858,0.619347,0.434839,ok,,,,,,,,,,,,,
mitonet,mito,orgsegnet_plant,OrgSegNet-plant,te_00327,partial,12.34,image/A_223.tif,1.663,0.635271,0.465493,0.777531,0.537017,0.635271,0.989857,0.99743,148192,42401,127762,16458861,275954,190593,13226850,0.020863,0.589772,0.418088,ok,,,,,,,,,,,,,
mitonet,mito,orgsegnet_plant,OrgSegNet-plant,te_00346,partial,14.81,image/A_233.tif,1.374,0.331311,0.198546,0.592518,0.229943,0.331311,0.990557,0.998375,39246,26990,131431,16579549,170677,66236,13230080,0.012901,0.286321,0.291316,ok,,,,,,,,,,,,,
mitonet,mito,orgsegnet_plant,OrgSegNet-plant,te_00347,partial,14.81,image/A_233.tif,1.356,0.332067,0.199089,0.596986,0.230002,0.332067,0.990587,0.998404,39256,26501,131421,16580038,170677,65757,13230080,0.012901,0.276596,0.297789,ok,,,,,,,,,,,,,
mitonet,mito,orgsegnet_plant,OrgSegNet-plant,te_00356,partial,24.68,image/A_238.tif,1.633,0.275508,0.159762,0.688951,0.172181,0.275508,0.992734,0.999371,23177,10464,111431,16632144,134608,33641,13226850,0.010177,0.348814,0.278481,ok,,,,,,,,,,,,,
mitonet,mito,orgsegnet_plant,OrgSegNet-plant,te_00357,partial,24.68,image/A_238.tif,1.386,0.207633,0.115843,0.650965,0.123515,0.207633,0.990042,0.999293,21890,11737,155336,16588253,177226,33627,13230080,0.013396,0.210488,0.2048,ok,,,,,,,,,,,,,
mitonet,mito,orgsegnet_plant,OrgSegNet-plant,te_00360,partial,4.63,image/A_240.tif,1.792,0.002567,0.001285,0.002996,0.002245,0.002567,0.974985,0.989134,540,179692,239992,16356992,240532,180232,13223620,0.01819,0.0,0.0,ok,,,,,,,,,,,,,
mitonet,mito,orgsegnet_plant,OrgSegNet-plant,te_00361,partial,4.63,image/A_240.tif,1.687,0.001061,0.000531,0.001287,0.000902,0.001061,0.97564,0.989818,217,168381,240315,16368303,240532,168598,13223620,0.01819,0.0,0.003811,ok,,,,,,,,,,,,,
mitonet,mito,orgsegnet_plant,OrgSegNet-plant,te_00374,partial,3.7,image/A_247.tif,1.366,0.0,0.0,0.0,0.0,0.0,0.9868,0.993935,0,101018,120436,16555762,120436,101018,13230080,0.009103,0.0,0.0,ok,,,,,,,,,,,,,
mitonet,mito,orgsegnet_plant,OrgSegNet-plant,te_00396,partial,4.63,image/A_258.tif,1.425,0.000826,0.000413,0.001328,0.000599,0.000826,0.960489,0.987373,274,206077,456811,16114054,457085,206351,13230080,0.034549,0.0,0.014984,ok,,,,,,,,,,,,,
mitonet,mito,orgsegnet_plant,OrgSegNet-plant,te_00442,partial,4.63,image/A_72.tif,1.378,0.02986,0.015156,0.394735,0.015517,0.02986,0.970204,0.999275,7693,11796,488091,16269636,495784,19489,13226850,0.037483,0.0,0.006967,ok,,,,,,,,,,,,,
mitonet,mito,orgsegnet_plant,OrgSegNet-plant,te_00443,partial,4.63,image/A_72.tif,1.328,0.030148,0.015305,0.311711,0.01584,0.030148,0.963641,0.998706,9481,20935,589067,16157733,598548,30416,13226850,0.045252,0.0,0.002513,ok,,,,,,,,,,,,,
mitonet,mito,orgsegnet_plant,OrgSegNet-plant,te_00444,partial,3.7,image/A_73.tif,1.427,0.152558,0.082578,0.891822,0.083414,0.152558,0.950802,0.999433,74295,9012,816388,15877521,890683,83307,13213696,0.067406,0.0,0.045582,ok,,,,,,,,,,,,,
mitonet,mito,orgsegnet_plant,OrgSegNet-plant,te_00445,partial,3.7,image/A_73.tif,1.438,0.144193,0.077699,0.913757,0.078273,0.144193,0.950674,0.999586,69716,6580,820967,15879953,890683,76296,13204018,0.067455,0.0,0.046352,ok,,,,,,,,,,,,,
mitonet,mito,orgsegnet_plant,OrgSegNet-plant,te_00460,partial,9.26,image/A_84.tif,1.336,0.0,0.0,0.0,0.0,0.0,0.997618,0.999749,0,4205,35751,16737260,35751,4205,9726168,0.003676,0.0,0.0,ok,,,,,,,,,,,,,
mitonet,mito,orgsegnet_plant,OrgSegNet-plant,te_00461,partial,9.26,image/A_84.tif,1.749,0.0,0.0,0.0,0.0,0.0,0.997652,0.999782,0,3646,35751,16737819,35751,3646,11966250,0.002988,0.0,0.0,ok,,,,,,,,,,,,,
mitonet,mito,orgsegnet_plant,OrgSegNet-plant,te_00482,partial,3.09,image/A_96.tif,1.34,0.000568,0.000284,1.0,0.000284,0.000568,0.945909,1.0,258,0,907503,15869455,907761,258,9970767,0.091042,0.0,0.0,ok,,,,,,,,,,,,,
mitonet,mito,orgsegnet_plant,OrgSegNet-plant,te_00483,partial,3.09,image/A_96.tif,1.279,0.00098,0.00049,1.0,0.00049,0.00098,0.949103,1.0,419,0,853918,15922879,854337,419,13226850,0.064591,0.0,0.0,ok,,,,,,,,,,,,,
mitonet,mito,orgsegnet_plant,OrgSegNet-plant,te_00500,partial,6.17,image/C017.tif,1.305,0.0,0.0,0.0,0.0,0.0,0.961713,0.999955,0,725,641617,16134874,641617,725,9380317,0.0684,0.0,0.0,ok,,,,,,,,,,,,,
mitonet,mito,orgsegnet_plant,OrgSegNet-plant,te_00501,partial,6.17,image/C017.tif,1.291,0.0,0.0,0.0,0.0,0.0,0.966872,0.999975,0,407,555389,16221420,555389,407,8423745,0.065931,0.0,0.0,ok,,,,,,,,,,,,,
mitonet,mito,orgsegnet_plant,OrgSegNet-plant,te_00504,partial,7.41,image/C019.tif,1.387,0.147602,0.079682,0.586204,0.084431,0.147602,0.989808,0.999371,14804,10450,160535,16591427,175339,25254,13152256,0.013331,0.121314,0.090681,ok,,,,,,,,,,,,,
mitonet,mito,orgsegnet_plant,OrgSegNet-plant,te_00505,partial,7.41,image/C019.tif,1.241,0.249788,0.142719,0.620489,0.156369,0.249788,0.995353,0.999524,12980,7939,70029,16686268,83009,20919,10704075,0.007755,0.329412,0.115973,ok,,,,,,,,,,,,,
mitonet,mito,orgsegnet_plant,OrgSegNet-plant,te_00526,partial,9.26,image/C046.tif,1.376,0.616005,0.445092,0.72653,0.534667,0.616005,0.997746,0.999317,30329,11416,26396,16709075,56725,41745,8721529,0.006504,0.743602,0.012308,ok,,,,,,,,,,,,,
mitonet,mito,orgsegnet_plant,OrgSegNet-plant,te_00527,partial,9.26,image/C046.tif,1.436,0.645102,0.476126,0.692413,0.603843,0.645102,0.997754,0.99909,34253,15216,22472,16705275,56725,49469,10878640,0.005214,0.699944,0.017626,ok,,,,,,,,,,,,,
mitonet,mito,orgsegnet_plant,OrgSegNet-plant,te_00530,partial,14.81,image/C051.tif,1.549,0.073678,0.038248,0.108453,0.055789,0.073678,0.991656,0.997256,5567,45764,94219,16631666,99786,51331,13230080,0.007542,0.069765,0.057799,ok,,,,,,,,,,,,,
mitonet,mito,orgsegnet_plant,OrgSegNet-plant,te_00531,partial,14.81,image/C051.tif,1.588,0.056846,0.029255,0.088368,0.0419,0.056846,0.990326,0.996971,4891,50457,111839,16610029,116730,55348,13226850,0.008825,0.064434,0.043318,ok,,,,,,,,,,,,,
mitonet,mito,orgsegnet_plant,OrgSegNet-plant,te_00532,partial,6.17,image/C052.tif,1.37,0.0,0.0,0.0,0.0,0.0,0.98901,0.999563,0,7256,177120,16592840,177120,7256,13223620,0.013394,0.0,0.0,ok,,,,,,,,,,,,,
mitonet,mito,orgsegnet_plant,OrgSegNet-plant,te_00533,partial,6.17,image/C052.tif,1.381,0.0,0.0,0.0,0.0,0.0,0.989311,0.999867,0,2206,177120,16597890,177120,2206,13223620,0.013394,0.0,0.0,ok,,,,,,,,,,,,,
mitonet,mito,orgsegnet_plant,OrgSegNet-plant,te_00542,partial,3.7,image/C057.tif,1.355,0.0,0.0,0.0,0.0,0.0,0.976571,0.999286,0,11707,381360,16384149,381360,11707,6892944,0.055326,0.0,0.0,ok,,,,,,,,,,,,,
mitonet,mito,orgsegnet_plant,OrgSegNet-plant,te_00543,partial,3.7,image/C057.tif,1.32,0.0,0.0,0.0,0.0,0.0,0.956899,0.999215,0,12615,710508,16054093,710508,12615,9250605,0.076807,0.0,0.0,ok,,,,,,,,,,,,,
mitonet,mito,orgsegnet_plant,OrgSegNet-plant,te_00564,partial,18.51,image/C076.tif,1.962,0.10041,0.052859,0.895484,0.053187,0.10041,0.963004,0.999749,34640,4043,616650,16121883,651290,38683,13230080,0.049228,0.142575,0.131999,ok,,,,,,,,,,,,,
mitonet,mito,orgsegnet_plant,OrgSegNet-plant,te_00565,partial,18.51,image/C076.tif,1.531,0.204474,0.11388,0.903954,0.115275,0.204474,0.968776,0.999558,67322,7153,516692,16186049,584014,74475,13230080,0.044143,0.283344,0.1958,ok,,,,,,,,,,,,,
mitonet,mito,orgsegnet_plant,OrgSegNet-plant,te_00576,partial,14.81,image/C088.tif,1.289,0.003749,0.001878,1.0,0.001878,0.003749,0.989863,1.0,320,0,170067,16606829,170387,320,8928486,0.019084,0.0,0.0,ok,,,,,,,,,,,,,
mitonet,mito,orgsegnet_plant,OrgSegNet-plant,te_00577,partial,14.81,image/C088.tif,1.407,0.0,0.0,nan,0.0,0.0,0.989844,1.0,0,0,170387,16606829,170387,0,9119565,0.018684,0.0,0.0,ok,,,,,,,,,,,,,
mitonet,mito,orgsegnet_plant,OrgSegNet-plant,te_00610,partial,6.17,image/C119.tif,1.505,0.002782,0.001393,0.009726,0.001623,0.002782,0.972989,0.996074,632,64346,388821,16323417,389453,64978,13230080,0.029437,0.0,0.010315,ok,,,,,,,,,,,,,
mitonet,mito,orgsegnet_plant,OrgSegNet-plant,te_00611,partial,6.17,image/C119.tif,1.618,0.00298,0.001492,0.01389,0.001669,0.00298,0.974075,0.997184,650,46145,388803,16341618,389453,46795,13226850,0.029444,0.0,0.011862,ok,,,,,,,,,,,,,
mitonet,mito,orgsegnet_plant,OrgSegNet-plant,te_00630,partial,12.34,image/C171.tif,1.362,0.036105,0.018384,0.590453,0.018622,0.036105,0.980513,0.999742,6123,4247,322687,16444159,328810,10370,13225984,0.024861,0.050672,0.032216,ok,,,,,,,,,,,,,
mitonet,mito,orgsegnet_plant,OrgSegNet-plant,te_00631,partial,12.34,image/C171.tif,1.313,0.0,0.0,0.0,0.0,0.0,0.984404,0.99982,0,2971,258688,16515557,258688,2971,13226850,0.019558,0.0,0.0,ok,,,,,,,,,,,,,
mitonet,mito,orgsegnet_plant,OrgSegNet-plant,te_00646,partial,3.7,image/C179.tif,1.557,0.0,0.0,0.0,0.0,0.0,0.992227,0.995006,0,83555,46851,16646810,46851,83555,10821632,0.004329,0.0,0.0,ok,,,,,,,,,,,,,
mitonet,mito,orgsegnet_plant,OrgSegNet-plant,te_00686,partial,3.09,image/C199.tif,1.295,0.0,0.0,0.0,0.0,0.0,0.992439,0.9999,0,1665,125181,16650370,125181,1665,13223620,0.009466,0.0,0.0,ok,,,,,,,,,,,,,
mitonet,mito,orgsegnet_plant,OrgSegNet-plant,te_00687,partial,3.09,image/C199.tif,1.319,0.0,0.0,0.0,0.0,0.0,0.99239,0.99985,0,2501,125181,16649534,125181,2501,13223620,0.009466,0.0,0.0,ok,,,,,,,,,,,,,
mitonet,mito,orgsegnet_plant,OrgSegNet-plant,te_00690,partial,12.34,image/C201.tif,1.364,0.248099,0.141617,0.145037,0.857254,0.248099,0.997212,0.997287,7717,45490,1285,16722724,9002,53207,13230080,0.00068,0.185714,0.216478,ok,,,,,,,,,,,,,
mitonet,mito,orgsegnet_plant,OrgSegNet-plant,te_00691,partial,12.34,image/C201.tif,1.463,0.346581,0.209615,0.471956,0.273837,0.346581,0.990484,0.99715,42342,47374,112283,16575217,154625,89716,13226850,0.01169,0.520166,0.330513,ok,,,,,,,,,,,,,
mitonet,mito,orgsegnet_plant,OrgSegNet-plant,te_00696,partial,5.29,image/C204.tif,1.624,0.02897,0.014698,0.110659,0.016666,0.02897,0.957517,0.994706,10632,85447,627296,16053841,637928,96079,13230080,0.048218,0.0,0.026268,ok,,,,,,,,,,,,,
mitonet,mito,orgsegnet_plant,OrgSegNet-plant,te_00697,partial,5.29,image/C204.tif,2.104,0.025328,0.012827,0.095965,0.014589,0.025328,0.957305,0.994568,9307,87676,628621,16051612,637928,96983,13223620,0.048242,0.0,0.025227,ok,,,,,,,,,,,,,
mitonet,mito,orgsegnet_plant,OrgSegNet-plant,te_00724,partial,6.17,image/C218.tif,1.776,0.0,0.0,0.0,0.0,0.0,0.988426,0.992833,0,119712,74465,16583039,74465,119712,13230080,0.005628,0.0,0.0,ok,,,,,,,,,,,,,
mitonet,mito,orgsegnet_plant,OrgSegNet-plant,te_00725,partial,6.17,image/C218.tif,1.593,0.0,0.0,0.0,0.0,0.0,0.995446,0.996001,0,67062,9341,16700813,9341,67062,13226850,0.000706,0.0,0.0,ok,,,,,,,,,,,,,
mitonet,mito,orgsegnet_plant,OrgSegNet-plant,te_00768,partial,5.29,image/C240.tif,1.461,0.0,0.0,0.0,0.0,0.0,0.989529,0.996557,0,57352,118326,16601538,118326,57352,11898351,0.009945,0.0,0.0,ok,,,,,,,,,,,,,
mitonet,mito,orgsegnet_plant,OrgSegNet-plant,te_00769,partial,5.29,image/C240.tif,1.472,0.0,0.0,0.0,0.0,0.0,0.989231,0.996258,0,62345,118326,16596545,118326,62345,11863467,0.009974,0.0,0.0,ok,,,,,,,,,,,,,
mitonet,mito,orgsegnet_plant,OrgSegNet-plant,te_00772,partial,18.51,image/C242.tif,1.616,0.517508,0.34908,0.641071,0.433881,0.517508,0.991988,0.99757,72091,40363,94063,16570699,166154,112454,13230080,0.012559,0.425662,0.360074,ok,,,,,,,,,,,,,
mitonet,mito,orgsegnet_plant,OrgSegNet-plant,te_00773,partial,18.51,image/C242.tif,1.635,0.529333,0.359927,0.694409,0.427668,0.529333,0.992469,0.998118,71045,31265,95077,16579829,166122,102310,13226850,0.012559,0.445025,0.397898,ok,,,,,,,,,,,,,
mitonet,mito,orgsegnet_plant,OrgSegNet-plant,te_00794,partial,4.63,image/C253.tif,1.491,0.131704,0.070494,0.62908,0.073551,0.131704,0.983369,0.999243,21161,12477,266543,16477035,287704,33638,13230080,0.021746,0.225776,0.028662,ok,,,,,,,,,,,,,
mitonet,mito,orgsegnet_plant,OrgSegNet-plant,te_00795,partial,4.63,image/C253.tif,1.508,0.13802,0.074125,0.77944,0.075713,0.13802,0.983782,0.999626,21783,6164,265921,16483348,287704,27947,12622840,0.022792,0.235456,0.028962,ok,,,,,,,,,,,,,
mitonet,mito,orgsegnet_plant,OrgSegNet-plant,te_00798,partial,5.29,image/C255.tif,1.376,0.0,0.0,0.0,0.0,0.0,0.989987,0.999999,0,21,167974,16609221,167974,21,13230080,0.012696,0.0,0.0,ok,,,,,,,,,,,,,
mitonet,mito,orgsegnet_plant,OrgSegNet-plant,te_00799,partial,5.29,image/C255.tif,1.329,0.0,0.0,0.0,0.0,0.0,0.989984,0.999996,0,66,167974,16609176,167974,66,13223620,0.012703,0.0,0.0,ok,,,,,,,,,,,,,
mitonet,mito,orgsegnet_plant,OrgSegNet-plant,te_00802,partial,6.17,image/C257.tif,1.272,0.0,0.0,nan,0.0,0.0,0.980231,1.0,0,0,331673,16445543,331673,0,12107776,0.027393,0.0,0.0,ok,,,,,,,,,,,,,
mitonet,mito,orgsegnet_plant,OrgSegNet-plant,te_00803,partial,6.17,image/C257.tif,1.27,0.0,0.0,nan,0.0,0.0,0.990638,1.0,0,0,157060,16620156,157060,0,12104820,0.012975,0.0,0.0,ok,,,,,,,,,,,,,
mitonet,mito,orgsegnet_plant,OrgSegNet-plant,te_00823,partial,4.63,image/C267.tif,1.356,0.020696,0.010456,0.039889,0.013973,0.020696,0.995521,0.998857,794,19111,56030,16701281,56824,19905,10574802,0.005374,0.0,0.043368,ok,,,,,,,,,,,,,
mitonet,mito,orgsegnet_plant,OrgSegNet-plant,te_00834,partial,,image/C606.tif,1.347,0.506629,0.339252,0.99176,0.340211,0.506629,0.980146,0.999913,171023,1421,331674,16273098,502697,172444,6726600,0.074733,0.574812,0.092904,ok,,,,,,,,,,,,,
mitonet,mito,orgsegnet_plant,OrgSegNet-plant,te_00835,partial,,image/C606.tif,1.465,0.45132,0.291423,0.998459,0.291554,0.45132,0.979899,0.999987,138700,214,337027,16301275,475727,138914,6457248,0.073673,0.390129,0.063863,ok,,,,,,,,,,,,,
mitonet,mito,orgsegnet_plant,OrgSegNet-plant,te_00846,partial,2.47,image/C_008.tif,1.289,5.4e-05,2.7e-05,1.0,2.7e-05,5.4e-05,0.86232,1.0,62,0,2309885,14467269,2309947,62,11617942,0.198826,0.0,0.0,ok,,,,,,,,,,,,,
mitonet,mito,orgsegnet_plant,OrgSegNet-plant,te_00847,partial,2.47,image/C_008.tif,1.311,7.8e-05,3.9e-05,1.0,3.9e-05,7.8e-05,0.862322,1.0,90,0,2309857,14467269,2309947,90,9347955,0.247107,0.0,0.0,ok,,,,,,,,,,,,,
mitonet,mito,orgsegnet_plant,OrgSegNet-plant,te_00895,partial,6.17,image/L1_003.tif,1.467,8e-06,4e-06,0.000316,4e-06,8e-06,0.92502,0.998982,5,15820,1242138,15519253,1242143,15825,9271190,0.133979,0.0,0.0,ok,,,,,,,,,,,,,
mitonet,mito,orgsegnet_plant,OrgSegNet-plant,te_00896,partial,6.17,image/L1_003.tif,1.463,0.0,0.0,0.0,0.0,0.0,0.895676,0.998307,0,25485,1724779,15026952,1724779,25485,11199110,0.15401,0.0,0.0,ok,,,,,,,,,,,,,
mitonet,mito,orgsegnet_plant,OrgSegNet-plant,te_00913,partial,4.63,image/L1_014.tif,1.368,5.3e-05,2.7e-05,0.010173,2.7e-05,5.3e-05,0.926074,0.999793,33,3211,1237061,15536911,1237094,3244,5999753,0.206191,0.0,0.0,ok,,,,,,,,,,,,,
mitonet,mito,orgsegnet_plant,OrgSegNet-plant,te_00914,partial,4.63,image/L1_014.tif,1.477,0.0,0.0,0.0,0.0,0.0,0.94257,0.999797,0,3218,960290,15813708,960290,3218,4477352,0.214477,0.0,0.0,ok,,,,,,,,,,,,,
mitonet,mito,orgsegnet_plant,OrgSegNet-plant,te_00951,partial,3.7,image/L7_011.tif,1.323,0.088669,0.046391,1.0,0.046391,0.088669,0.951142,1.0,39877,0,819705,15917634,859582,39877,4528587,0.189812,0.046948,0.023865,ok,,,,,,,,,,,,,
mitonet,mito,orgsegnet_plant,OrgSegNet-plant,te_00952,partial,3.7,image/L7_011.tif,1.369,0.090123,0.047188,1.0,0.047188,0.090123,0.951183,1.0,40562,0,819020,15917634,859582,40562,5776260,0.148813,0.054256,0.02043,ok,,,,,,,,,,,,,
mitonet,mito,orgsegnet_plant,OrgSegNet-plant,te_00955,partial,3.7,image/L8_002.tif,1.349,0.0,0.0,nan,0.0,0.0,0.927534,1.0,0,0,1215786,15561430,1215786,0,9090270,0.133746,0.0,0.0,ok,,,,,,,,,,,,,
mitonet,mito,orgsegnet_plant,OrgSegNet-plant,te_00956,partial,3.7,image/L8_002.tif,1.287,0.0,0.0,nan,0.0,0.0,0.941664,1.0,0,0,978708,15798508,978708,0,7145118,0.136976,0.0,0.0,ok,,,,,,,,,,,,,
mitonet,mito,orgsegnet_plant,OrgSegNet-plant,te_00961,sparse,1.48,image/M4D-25000X-0006.tif,0.176,0.332105,0.199116,0.992386,0.199421,0.332105,0.996813,0.999994,13295,102,53373,16710446,66668,13397,1695450,0.039322,0.375786,0.099513,ok,,,,,,,,,,,,,
mitonet,mito,orgsegnet_plant,OrgSegNet-plant,te_00989,partial,4.63,image/c10_003.tif,1.34,0.031747,0.01613,0.251913,0.016941,0.031747,0.975339,0.99877,6783,20143,393604,16356686,400387,26926,13206610,0.030317,0.0,0.055861,ok,,,,,,,,,,,,,
mitonet,mito,orgsegnet_plant,OrgSegNet-plant,te_00990,partial,4.63,image/c10_003.tif,1.349,0.031426,0.015964,0.188606,0.017141,0.031426,0.974784,0.998197,6863,29525,393524,16347304,400387,36388,13222755,0.03028,0.0,0.050663,ok,,,,,,,,,,,,,
mitonet,mito,orgsegnet_plant,OrgSegNet-plant,te_01002,partial,4.63,image/c13_002.tif,1.406,0.0,0.0,0.0,0.0,0.0,0.994796,0.999591,0,6821,80482,16689913,80482,6821,13222755,0.006087,0.0,0.0,ok,,,,,,,,,,,,,
mitonet,mito,orgsegnet_plant,OrgSegNet-plant,te_01011,partial,5.29,image/c6_003.tif,1.933,0.006505,0.003263,0.201674,0.003306,0.006505,0.970178,0.999602,1638,6484,493838,16275256,495476,8122,13230080,0.037451,0.0,0.0,ok,,,,,,,,,,,,,
mitonet,mito,orgsegnet_plant,OrgSegNet-plant,te_01012,partial,5.29,image/c6_003.tif,1.359,0.007004,0.003514,0.177477,0.003573,0.007004,0.966706,0.999437,1970,9130,549454,16216662,551424,11100,13226850,0.04169,0.0,0.0,ok,,,,,,,,,,,,,
mitonet,mito,orgsegnet_plant,OrgSegNet-plant,te_01013,partial,,image/cs10_001.tif,1.394,0.382858,0.23675,0.400897,0.366372,0.382858,0.998884,0.999482,5807,8678,10043,16752688,15850,14485,13040258,0.001215,0.607245,0.115789,ok,,,,,,,,,,,,,
mitonet,mito,orgsegnet_plant,OrgSegNet-plant,te_01014,partial,,image/cs10_001.tif,1.298,0.447507,0.28825,0.55268,0.375962,0.447507,0.999123,0.999712,5959,4823,9891,16756543,15850,10782,13201408,0.001201,0.71066,0.119425,ok,,,,,,,,,,,,,
mitonet,mito,orgsegnet_plant,OrgSegNet-plant,te_01015,partial,14.81,image/g-l_004.tif,1.341,0.0,0.0,0.0,0.0,0.0,0.993916,0.998084,0,32008,70065,16675143,70065,32008,13230080,0.005296,0.0,0.0,ok,,,,,,,,,,,,,
mitonet,mito,orgsegnet_plant,OrgSegNet-plant,te_01016,partial,14.81,image/g-l_004.tif,1.314,0.0,0.0,0.0,0.0,0.0,0.995534,0.999709,0,4854,70065,16702297,70065,4854,13226850,0.005297,0.0,0.0,ok,,,,,,,,,,,,,
mitonet,mito,orgsegnet_plant,OrgSegNet-plant,te_01029,partial,5.29,image/h3_007.tif,1.323,0.0,0.0,0.0,0.0,0.0,0.992308,0.997678,0,38742,90315,16648159,90315,38742,13230080,0.006826,0.0,0.0,ok,,,,,,,,,,,,,
mitonet,mito,orgsegnet_plant,OrgSegNet-plant,te_01030,partial,5.29,image/h3_007.tif,1.515,0.0,0.0,0.0,0.0,0.0,0.995416,0.998711,0,21555,55360,16700301,55360,21555,13230080,0.004184,0.0,0.0,ok,,,,,,,,,,,,,
mitonet,mito,orgsegnet_plant,OrgSegNet-plant,te_01033,partial,3.7,image/h4_004.tif,1.389,0.03442,0.017511,0.10197,0.020704,0.03442,0.957161,0.993018,12810,112815,605900,16045691,618710,125625,11821173,0.052339,0.062461,0.0,ok,,,,,,,,,,,,,
mitonet,mito,orgsegnet_plant,OrgSegNet-plant,te_01034,partial,3.7,image/h4_004.tif,1.388,0.036019,0.01834,0.080183,0.023226,0.036019,0.967821,0.99292,10086,115702,424167,16227261,434253,125788,9694389,0.044794,0.071345,0.0,ok,,,,,,,,,,,,,
mitonet,mito,orgsegnet_plant,OrgSegNet-plant,te_01055,partial,14.81,image/n-l_001.tif,1.483,0.352059,0.213636,0.530526,0.263439,0.352059,0.977541,0.994473,102366,90586,286209,16298055,388575,192952,13230080,0.029371,0.354778,0.221035,ok,,,,,,,,,,,,,
mitonet,mito,orgsegnet_plant,OrgSegNet-plant,te_01056,partial,14.81,image/n-l_001.tif,1.598,0.38158,0.235773,0.679926,0.265209,0.38158,0.976534,0.996496,121462,57178,336524,16262052,457986,178640,13217160,0.034651,0.378749,0.249274,ok,,,,,,,,,,,,,
mitonet,mito,orgsegnet_plant,OrgSegNet-plant,te_01073,partial,5.29,image/n-o_007.tif,1.365,0.005321,0.002667,0.019124,0.00309,0.005321,0.98645,0.998119,608,31185,196143,16549280,196751,31793,8385024,0.023465,0.0,0.0,ok,,,,,,,,,,,,,
mitonet,mito,orgsegnet_plant,OrgSegNet-plant,te_01074,partial,5.29,image/n-o_007.tif,1.494,0.014516,0.007311,0.038287,0.008955,0.014516,0.98574,0.997331,1762,44259,194989,16536206,196751,46021,10194944,0.019299,0.0,0.005323,ok,,,,,,,,,,,,,
mitonet,mito,orgsegnet_plant,OrgSegNet-plant,te_01081,partial,9.26,image/o1_004.tif,1.661,0.828993,0.707932,0.824661,0.833371,0.828993,0.999366,0.999672,25802,5486,5159,16740769,30961,31288,13221888,0.002342,0.303617,0.313872,ok,,,,,,,,,,,,,
mitonet,mito,orgsegnet_plant,OrgSegNet-plant,te_01082,partial,9.26,image/o1_004.tif,1.429,0.884806,0.79341,0.947557,0.82985,0.884806,0.999601,0.999915,25693,1422,5268,16744833,30961,27115,13230080,0.00234,0.622642,0.370801,ok,,,,,,,,,,,,,
mitonet,mito,orgsegnet_plant,OrgSegNet-plant,te_01085,partial,6.17,image/o1_009.tif,1.473,0.0,0.0,0.0,0.0,0.0,0.991656,0.999436,0,9391,130600,16637225,130600,9391,11309056,0.011548,0.0,0.0,ok,,,,,,,,,,,,,
mitonet,mito,orgsegnet_plant,OrgSegNet-plant,te_01086,partial,6.17,image/o1_009.tif,1.695,0.0,0.0,0.0,0.0,0.0,0.991716,0.999331,0,11138,127851,16638227,127851,11138,10914233,0.011714,0.0,0.0,ok,,,,,,,,,,,,,
mitonet,mito,orgsegnet_plant,OrgSegNet-plant,te_01087,partial,7.41,image/o3_004.tif,1.441,0.13066,0.069896,0.226079,0.091881,0.13066,0.993177,0.998235,8603,29450,85029,16654134,93632,38053,13230080,0.007077,0.126293,0.0,ok,,,,,,,,,,,,,
mitonet,mito,orgsegnet_plant,OrgSegNet-plant,te_01088,partial,7.41,image/o3_004.tif,1.574,0.102935,0.05426,0.211482,0.068022,0.102935,0.993383,0.998577,6369,23747,87263,16659837,93632,30116,13226850,0.007079,0.164292,0.0,ok,,,,,,,,,,,,,
mitonet,mito,orgsegnet_plant,OrgSegNet-plant,te_01091,partial,5.29,image/o3_010.tif,1.405,0.517261,0.348855,0.539322,0.496934,0.517261,0.996051,0.998185,35496,30320,35934,16675466,71430,65816,13230080,0.005399,0.540681,0.083044,ok,,,,,,,,,,,,,
mitonet,mito,orgsegnet_plant,OrgSegNet-plant,te_01092,partial,5.29,image/o3_010.tif,1.226,0.520235,0.351566,0.535743,0.5056,0.520235,0.99603,0.998127,36115,31296,35315,16674490,71430,67411,12366900,0.005776,0.494359,0.081012,ok,,,,,,,,,,,,,
mitonet,mito,orgsegnet_plant,OrgSegNet-plant,te_01093,partial,5.29,image/o4_002.tif,1.179,0.785207,0.64637,0.948364,0.669948,0.785207,0.998471,0.999847,46889,2553,23100,16704674,69989,49442,13230080,0.00529,0.883673,0.146441,ok,,,,,,,,,,,,,
mitonet,mito,orgsegnet_plant,OrgSegNet-plant,te_01094,partial,5.29,image/o4_002.tif,1.273,0.796838,0.662287,0.931164,0.696381,0.796838,0.998519,0.999784,48739,3603,21250,16703624,69989,52342,13230080,0.00529,0.843236,0.191811,ok,,,,,,,,,,,,,
mitonet,mito,orgsegnet_plant,OrgSegNet-plant,te_01099,partial,7.41,image/o4_008.tif,1.517,0.468687,0.306069,0.454645,0.483625,0.468687,0.992092,0.995786,58521,70197,62484,16586014,121005,128718,13230080,0.009146,0.614187,0.06718,ok,,,,,,,,,,,,,
mitonet,mito,orgsegnet_plant,OrgSegNet-plant,te_01100,partial,7.41,image/o4_008.tif,1.5,0.487601,0.322402,0.456153,0.523706,0.487601,0.992061,0.995464,63371,75554,57634,16580657,121005,138925,13230080,0.009146,0.586745,0.079507,ok,,,,,,,,,,,,,
mitonet,mito,orgsegnet_plant,OrgSegNet-plant,te_01115,partial,14.81,image/p5_008.tif,1.341,0.422711,0.267998,0.390683,0.460458,0.422711,0.998521,0.999155,9083,14166,10643,16743324,19726,23249,7205900,0.002737,0.564417,0.113281,ok,,,,,,,,,,,,,
mitonet,mito,orgsegnet_plant,OrgSegNet-plant,te_01116,partial,14.81,image/p5_008.tif,1.415,0.418987,0.265012,0.390171,0.452398,0.418987,0.998525,0.999168,8924,13948,10802,16743542,19726,22872,7205900,0.002737,0.60643,0.109375,ok,,,,,,,,,,,,,
mitonet,mito,orgsegnet_plant,OrgSegNet-plant,te_01119,partial,,image/wh5_007.tif,1.4,0.0,0.0,0.0,0.0,0.0,0.99572,0.999226,0,12941,58872,16705403,58872,12941,9121520,0.006454,0.0,0.0,ok,,,,,,,,,,,,,
mitonet,mito,orgsegnet_plant,OrgSegNet-plant,te_01120,partial,,image/wh5_007.tif,1.453,0.0,0.0,0.0,0.0,0.0,0.995717,0.999224,0,12980,58872,16705364,58872,12980,11379290,0.005174,0.0,0.0,ok,,,,,,,,,,,,,
mitonet,mito,orgsegnet_plant,OrgSegNet-plant,te_01121,partial,,image/xc0_001.tif,1.46,0.642669,0.47348,0.964823,0.481798,0.642669,0.997415,0.999915,39002,1422,41949,16694843,80951,40424,13225984,0.006121,0.761628,0.534914,ok,,,,,,,,,,,,,
mitonet,mito,orgsegnet_plant,OrgSegNet-plant,te_01122,partial,,image/xc0_001.tif,1.38,0.663335,0.496261,0.96122,0.5064,0.663335,0.99837,0.999935,26943,1087,26262,16722924,53205,28030,13205504,0.004029,0.712934,0.59879,ok,,,,,,,,,,,,,
mitonet,mito,orgsegnet_plant,OrgSegNet-plant,te_01133,partial,2.47,image/z002.tif,1.602,0.0,0.0,nan,0.0,0.0,0.968289,1.0,0,0,532017,16245199,532017,0,677144,0.785678,0.0,0.0,ok,,,,,,,,,,,,,
mitonet,mito,orgsegnet_plant,OrgSegNet-plant,te_01134,partial,2.47,image/z002.tif,1.398,0.0,0.0,nan,0.0,0.0,0.968289,1.0,0,0,532017,16245199,532017,0,677144,0.785678,0.0,0.0,ok,,,,,,,,,,,,,
mitonet,mito,orgsegnet_plant,OrgSegNet-plant,te_01135,partial,3.09,image/z003.tif,1.393,3e-06,2e-06,0.044118,2e-06,3e-06,0.891568,0.999996,3,65,1819120,14958028,1819123,68,5202589,0.349657,0.0,0.0,ok,,,,,,,,,,,,,
mitonet,mito,orgsegnet_plant,OrgSegNet-plant,te_01136,partial,3.09,image/z003.tif,1.437,0.0,0.0,0.0,0.0,0.0,0.90033,0.999993,0,104,1672088,15105024,1672088,104,4674373,0.357714,0.0,0.0,ok,,,,,,,,,,,,,
mitonet,mito,orgsegnet_plant,OrgSegNet-plant,te_01139,partial,3.09,image/z005.tif,1.373,0.0,0.0,0.0,0.0,0.0,0.935345,0.999949,0,793,1083936,15692487,1083936,793,6810730,0.159151,0.0,0.0,ok,,,,,,,,,,,,,
mitonet,mito,orgsegnet_plant,OrgSegNet-plant,te_01140,partial,3.09,image/z005.tif,1.386,0.0,0.0,0.0,0.0,0.0,0.935365,0.999971,0,459,1083936,15692821,1083936,459,6810730,0.159151,0.0,0.0,ok,,,,,,,,,,,,,
mitonet,mito,orgsegnet_plant,OrgSegNet-plant,te_01163,partial,14.81,image/z028.tif,1.429,0.568424,0.397062,0.925682,0.410136,0.568424,0.997392,0.999862,28810,2313,41435,16704658,70245,31123,5321472,0.0132,0.719832,0.243251,ok,,,,,,,,,,,,,
mitonet,mito,orgsegnet_plant,OrgSegNet-plant,te_01164,partial,14.81,image/z028.tif,1.44,0.598209,0.426746,0.928899,0.441156,0.598209,0.997519,0.999858,30989,2372,39256,16704599,70245,33361,6125184,0.011468,0.715824,0.22374,ok,,,,,,,,,,,,,
mitonet,mito,orgsegnet_plant,OrgSegNet-plant,te_01195,partial,14.81,image/z046.tif,1.455,0.319531,0.190144,0.343999,0.298313,0.319531,0.996588,0.998468,13439,25628,31611,16706538,45050,39067,13217792,0.003408,0.305782,0.113537,ok,,,,,,,,,,,,,
mitonet,mito,orgsegnet_plant,OrgSegNet-plant,te_01196,partial,14.81,image/z046.tif,1.382,0.334486,0.20083,0.387621,0.294162,0.334486,0.996857,0.998749,13252,20936,31798,16711230,45050,34188,13222755,0.003407,0.311881,0.119382,ok,,,,,,,,,,,,,
mitonet,mito,orgsegnet_plant,OrgSegNet-plant,te_01199,partial,18.51,image/z052.tif,1.237,0.534709,0.364916,0.505959,0.566923,0.534709,0.998868,0.999364,10911,10654,8335,16747316,19246,21565,13225984,0.001455,0.407767,0.486753,ok,,,,,,,,,,,,,
mitonet,mito,orgsegnet_plant,OrgSegNet-plant,te_01200,partial,18.51,image/z052.tif,1.828,0.524624,0.355587,0.490378,0.564013,0.524624,0.998827,0.999327,10855,11281,8391,16746689,19246,22136,13197312,0.001458,0.411541,0.453613,ok,,,,,,,,,,,,,
mitonet,mito,orgsegnet_plant,OrgSegNet-plant,te_01211,partial,4.63,image/z061.tif,1.356,0.0,0.0,nan,0.0,0.0,0.989656,1.0,0,0,173551,16603665,173551,0,9740288,0.017818,0.0,0.0,ok,,,,,,,,,,,,,
mitonet,mito,orgsegnet_plant,OrgSegNet-plant,te_01212,partial,4.63,image/z061.tif,1.38,0.0,0.0,nan,0.0,0.0,0.988702,1.0,0,0,189543,16587673,189543,0,9512000,0.019927,0.0,0.0,ok,,,,,,,,,,,,,
mitonet,mito,orgsegnet_plant,OrgSegNet-plant,te_01219,partial,5.29,image/z065.tif,1.383,7.9e-05,4e-05,1.0,4e-05,7.9e-05,0.990983,1.0,6,0,151281,16625929,151287,6,11206656,0.0135,0.0,0.0,ok,,,,,,,,,,,,,
mitonet,mito,orgsegnet_plant,OrgSegNet-plant,te_01255,partial,18.51,image/z084.tif,1.345,0.142516,0.076725,0.984398,0.076819,0.142516,0.998054,0.999997,2713,43,32604,16741856,35317,2756,11424322,0.003091,0.180328,0.147817,ok,,,,,,,,,,,,,
mitonet,mito,orgsegnet_plant,OrgSegNet-plant,te_01256,partial,18.51,image/z084.tif,1.176,0.101463,0.053443,0.999605,0.053444,0.101463,0.997328,1.0,2531,1,44827,16729857,47358,2532,11105874,0.004264,0.141176,0.032622,ok,,,,,,,,,,,,,
mitonet,mito,orgsegnet_plant,OrgSegNet-plant,te_01273,partial,5.29,image/z093.tif,1.381,0.0,0.0,0.0,0.0,0.0,0.983743,0.999999,0,9,272735,16504472,272735,9,13221888,0.020628,0.0,0.0,ok,,,,,,,,,,,,,
mitonet,mito,orgsegnet_plant,OrgSegNet-plant,te_01274,partial,5.29,image/z093.tif,1.336,0.0,0.0,nan,0.0,0.0,0.987229,1.0,0,0,214266,16562950,214266,0,13215432,0.016213,0.0,0.0,ok,,,,,,,,,,,,,
mitonet,mito,orgsegnet_plant,OrgSegNet-plant,te_01281,partial,5.29,image/z097.tif,1.175,0.005685,0.002851,1.0,0.002851,0.005685,0.9666,1.0,1602,0,560363,16215251,561965,1602,13033472,0.043117,0.0,0.0,ok,,,,,,,,,,,,,
mitonet,mito,orgsegnet_plant,OrgSegNet-plant,te_01282,partial,5.29,image/z097.tif,1.396,0.006064,0.003041,0.493352,0.003051,0.006064,0.965926,0.999889,1744,1791,569880,16203801,571624,3535,13027108,0.04388,0.0,0.0,ok,,,,,,,,,,,,,
mitonet,mito,orgsegnet_plant,OrgSegNet-plant,te_01285,partial,14.81,image/z099.tif,1.361,0.336449,0.202248,0.701843,0.221258,0.336449,0.997081,0.999685,12417,5275,43703,16715821,56120,17692,10134465,0.005538,0.359311,0.274227,ok,,,,,,,,,,,,,
mitonet,mito,orgsegnet_plant,OrgSegNet-plant,te_01286,partial,14.81,image/z099.tif,1.396,0.379301,0.234035,0.866695,0.242774,0.379301,0.995224,0.999774,24485,3766,76370,16672595,100855,28251,10726320,0.009403,0.484732,0.386646,ok,,,,,,,,,,,,,
mitonet,mito,orgsegnet_plant,OrgSegNet-plant,te_01305,partial,5.29,image/z171.tif,1.415,0.032896,0.016723,0.95439,0.016736,0.032896,0.977486,0.999981,6424,307,377409,16393076,383833,6731,13204884,0.029068,0.0,0.093548,ok,,,,,,,,,,,,,
mitonet,mito,orgsegnet_plant,OrgSegNet-plant,te_01306,partial,5.29,image/z171.tif,1.26,0.0,0.0,nan,0.0,0.0,0.977122,1.0,0,0,383833,16393383,383833,0,13208111,0.02906,0.0,0.0,ok,,,,,,,,,,,,,
mitonet,mito,orgsegnet_plant,OrgSegNet-plant,te_01307,partial,5.29,image/z172.tif,1.334,0.0,0.0,nan,0.0,0.0,0.990144,1.0,0,0,165362,16611854,165362,0,10555640,0.015666,0.0,0.0,ok,,,,,,,,,,,,,
mitonet,mito,orgsegnet_plant,OrgSegNet-plant,te_01308,partial,5.29,image/z172.tif,1.218,0.0,0.0,nan,0.0,0.0,0.990144,1.0,0,0,165362,16611854,165362,0,13199056,0.012528,0.0,0.0,ok,,,,,,,,,,,,,
mitonet,mito,orgsegnet_plant,OrgSegNet-plant,te_01331,partial,14.81,image/z184.tif,1.564,0.719807,0.562265,0.750236,0.69175,0.719807,0.997203,0.998797,60286,20070,26864,16669996,87150,80356,13225984,0.006589,0.680543,0.610563,ok,,,,,,,,,,,,,
mitonet,mito,orgsegnet_plant,OrgSegNet-plant,te_01332,partial,14.81,image/z184.tif,1.823,0.713738,0.554893,0.744596,0.685336,0.713738,0.997144,0.998773,59727,20487,27423,16669579,87150,80214,13223620,0.00659,0.630489,0.589899,ok,,,,,,,,,,,,,
mitonet,mito,orgsegnet_plant,OrgSegNet-plant,te_01359,partial,14.81,image/z198.tif,1.308,0.07899,0.041119,0.384993,0.04401,0.07899,0.983312,0.998838,12006,19179,260795,16485236,272801,31185,12826330,0.021269,0.105928,0.110712,ok,,,,,,,,,,,,,
mitonet,mito,orgsegnet_plant,OrgSegNet-plant,te_01360,partial,14.81,image/z198.tif,1.434,0.131004,0.070093,0.548762,0.07438,0.131004,0.992044,0.999503,10061,8273,125203,16633679,135264,18334,10519642,0.012858,0.216247,0.157449,ok,,,,,,,,,,,,,
mitonet,mito,orgsegnet_plant,OrgSegNet-plant,te_01367,partial,3.7,image/z202.tif,1.4,0.0,0.0,0.0,0.0,0.0,0.936311,0.999848,0,2383,1066142,15708691,1066142,2383,10526720,0.10128,0.0,0.0,ok,,,,,,,,,,,,,
mitonet,mito,orgsegnet_plant,OrgSegNet-plant,te_01368,partial,3.7,image/z202.tif,1.39,0.0,0.0,0.0,0.0,0.0,0.936656,0.99997,0,470,1062258,15714488,1062258,470,9963890,0.106611,0.0,0.0,ok,,,,,,,,,,,,,
mitonet,mito,orgsegnet_plant,OrgSegNet-plant,te_01391,partial,4.63,image/z214.tif,1.568,0.033807,0.017194,1.0,0.017194,0.033807,0.99492,1.0,1491,0,85225,16690500,86716,1491,13230080,0.006554,0.0,0.039312,ok,,,,,,,,,,,,,
mitonet,mito,orgsegnet_plant,OrgSegNet-plant,te_01392,partial,4.63,image/z214.tif,1.403,0.010161,0.005106,1.0,0.005106,0.010161,0.991662,1.0,718,0,139890,16636608,140608,718,13192608,0.010658,0.0,0.016227,ok,,,,,,,,,,,,,
mitonet,mito,orgsegnet_plant,OrgSegNet-plant,te_01393,partial,5.29,image/z215.tif,1.434,0.036785,0.018737,0.479378,0.019126,0.036785,0.982114,0.999622,5730,6223,293859,16471404,299589,11953,12077672,0.024805,0.0,0.019529,ok,,,,,,,,,,,,,
mitonet,mito,orgsegnet_plant,OrgSegNet-plant,te_01394,partial,5.29,image/z215.tif,1.335,0.033835,0.017209,0.468962,0.017551,0.033835,0.982102,0.999639,5258,5954,294331,16471673,299589,11212,12703184,0.023584,0.0,0.026017,ok,,,,,,,,,,,,,
mitonet,mito,orgsegnet_plant,OrgSegNet-plant,te_01395,partial,14.81,image/z216.tif,1.271,0.0,0.0,0.0,0.0,0.0,0.994859,0.999154,0,14129,72131,16690956,72131,14129,13222755,0.005455,0.0,0.0,ok,,,,,,,,,,,,,
mitonet,mito,orgsegnet_plant,OrgSegNet-plant,te_01396,partial,14.81,image/z216.tif,1.442,0.0,0.0,0.0,0.0,0.0,0.99451,0.998804,0,19973,72131,16685112,72131,19973,13222755,0.005455,0.0,0.0,ok,,,,,,,,,,,,,
mitonet,mito,orgsegnet_plant,OrgSegNet-plant,te_01431,partial,2.47,image/z234.tif,1.412,0.008843,0.004441,0.046674,0.004884,0.008843,0.989979,0.999078,750,15319,152812,16608335,153562,16069,13220390,0.011616,0.028735,0.02849,ok,,,,,,,,,,,,,
mitonet,mito,orgsegnet_plant,OrgSegNet-plant,te_01432,partial,2.47,image/z234.tif,1.389,0.004543,0.002277,0.043561,0.002396,0.004543,0.990387,0.999514,368,8080,153194,16615574,153562,8448,12829560,0.011969,0.015444,0.02329,ok,,,,,,,,,,,,,
mitonet,mito,orgsegnet_plant,OrgSegNet-plant,te_01439,partial,6.17,image/z238.tif,1.589,0.006047,0.003032,0.256928,0.003059,0.006047,0.980561,0.999826,992,2869,323262,16450093,324254,3861,13208111,0.02455,0.0,0.025071,ok,,,,,,,,,,,,,
mitonet,mito,orgsegnet_plant,OrgSegNet-plant,te_01440,partial,6.17,image/z238.tif,1.489,0.004294,0.002152,0.874802,0.002152,0.004294,0.984742,0.999995,552,79,255912,16520673,256464,631,13204884,0.019422,0.0,0.027933,ok,,,,,,,,,,,,,
mitonet,mito,orgsegnet_plant,OrgSegNet-plant,te_01461,partial,4.63,image/z249.tif,1.211,0.165351,0.090127,0.999502,0.090131,0.165351,0.989128,0.999999,18068,9,182396,16576743,200464,18077,9532597,0.021029,0.281879,0.15435,ok,,,,,,,,,,,,,
mitonet,mito,orgsegnet_plant,OrgSegNet-plant,te_01462,partial,4.63,image/z249.tif,1.363,0.116472,0.061837,0.999747,0.061838,0.116472,0.989277,1.0,11858,3,179900,16585455,191758,11861,9539584,0.020101,0.253165,0.102804,ok,,,,,,,,,,,,,
mitonet,mito,orgsegnet_plant,OrgSegNet-plant,te_01475,partial,4.63,image/z256.tif,1.447,0.022994,0.011631,0.087832,0.013229,0.022994,0.977764,0.997228,4390,45592,327464,16399770,331854,49982,13190250,0.025159,0.0,0.031572,ok,,,,,,,,,,,,,
mitonet,mito,orgsegnet_plant,OrgSegNet-plant,te_01476,partial,4.63,image/z256.tif,1.425,0.03038,0.015424,0.087689,0.018373,0.03038,0.976802,0.996143,6097,63433,325757,16381929,331854,69530,13217792,0.025107,0.0,0.031315,ok,,,,,,,,,,,,,
mitonet,mito,orgsegnet_plant,OrgSegNet-plant,te_01503,partial,,image/z600.tif,1.586,0.35685,0.217175,0.662113,0.244243,0.35685,0.953174,0.992998,217947,111222,674388,15773659,892335,329169,13230080,0.067447,0.452396,0.138751,ok,,,,,,,,,,,,,
mitonet,mito,orgsegnet_plant,OrgSegNet-plant,te_01504,partial,,image/z600.tif,1.559,0.372635,0.228981,0.676315,0.257163,0.372635,0.961991,0.994349,189383,90639,547048,15950146,736431,280022,12748810,0.057765,0.50452,0.135222,ok,,,,,,,,,,,,,
mitonet,mito,orgsegnet_plant,OrgSegNet-plant,te_01519,partial,,image/z608.tif,1.438,0.347154,0.210034,0.600094,0.244216,0.347154,0.946418,0.989918,239012,159279,739678,15639247,978690,398291,8915595,0.109773,0.313266,0.129063,ok,,,,,,,,,,,,,
mitonet,mito,orgsegnet_plant,OrgSegNet-plant,te_01520,partial,,image/z608.tif,1.478,0.407349,0.255768,0.614864,0.304561,0.407349,0.955213,0.989846,258230,161749,589647,15767590,847877,419979,9894105,0.085695,0.389543,0.165971,ok,,,,,,,,,,,,,
mitonet,mito,zenodo_mitoem2,MitoEM2-Mossy,ME2-Mossy_00163,sparse,8.0,Dataset004_ME2-Mossy/me2-mossy_train01,0.318,0.923689,0.858199,0.907329,0.94065,0.923689,0.99989,0.999932,11142,1138,703,16764233,11845,12280,33631,0.352205,0.872546,0.744422,ok,6,5,0.666667,0.8,0.727273,0.571429,0.666667,0.8,0.727273,0.571429,0.68276,0.938795,0.727273
mitonet,mito,zenodo_mitoem2,MitoEM2-Mossy,ME2-Mossy_00164,sparse,8.0,Dataset004_ME2-Mossy/me2-mossy_train01,0.248,0.859613,0.753791,0.768793,0.974766,0.859613,0.999605,0.999636,20280,6099,525,16750312,20805,26379,89500,0.232458,0.85812,0.773666,ok,11,7,0.636364,1.0,0.777778,0.636364,0.454545,0.714286,0.555556,0.384615,0.646075,0.830668,0.777778
mitonet,mito,zenodo_mitoem2,MitoEM2-Mossy,ME2-Mossy_00165,sparse,8.0,Dataset004_ME2-Mossy/me2-mossy_train01,0.301,0.209837,0.117217,0.117827,0.957673,0.209837,0.990859,0.990901,20363,152458,900,16603495,21263,172821,1332168,0.015961,0.146532,0.192406,ok,80,10,0.1125,0.9,0.2,0.111111,0.1125,0.9,0.2,0.111111,0.182786,0.91393,0.2
mitonet,mito,zenodo_mitoem2,MitoEM2-Mossy,ME2-Mossy_00166,sparse,8.0,Dataset004_ME2-Mossy/me2-mossy_train01,0.386,0.223708,0.125941,0.127577,0.907568,0.223708,0.991799,0.991909,19824,135564,2019,16619809,21843,155388,1004544,0.021744,0.1784,0.215112,ok,81,13,0.135802,0.846154,0.234043,0.13253,0.135802,0.846154,0.234043,0.13253,0.214977,0.91854,0.234043
mitonet,mito,zenodo_mitoem2,MitoEM2-Mossy,ME2-Mossy_00167,sparse,8.0,Dataset004_ME2-Mossy/me2-mossy_train01,0.405,0.501765,0.334904,0.341197,0.947802,0.501765,0.993354,0.993516,56144,108406,3092,16609574,59236,164550,884540,0.066968,0.461278,0.423649,ok,67,20,0.283582,0.95,0.436782,0.279412,0.283582,0.95,0.436782,0.279412,0.404657,0.926452,0.436782
mitonet,mito,zenodo_mitoem2,MitoEM2-Mossy,ME2-Mossy_00168,sparse,8.0,Dataset004_ME2-Mossy/me2-mossy_train01,0.464,0.56639,0.395079,0.416897,0.883032,0.56639,0.993564,0.994092,70526,98643,9342,16598705,79868,169169,862416,0.09261,0.577277,0.441414,ok,79,34,0.367089,0.852941,0.513274,0.345238,0.278481,0.647059,0.389381,0.241758,0.422757,0.823648,0.513274
mitonet,mito,zenodo_mitoem2,MitoEM2-Mossy,ME2-Mossy_00169,sparse,8.0,Dataset004_ME2-Mossy/me2-mossy_train01,0.681,0.660608,0.493215,0.505176,0.954193,0.660608,0.994898,0.995111,83303,81596,3999,16608318,87302,164899,605682,0.144138,0.664171,0.499263,ok,64,28,0.375,0.857143,0.521739,0.352941,0.359375,0.821429,0.5,0.333333,0.466614,0.894344,0.521739
mitonet,mito,zenodo_mitoem2,MitoEM2-Mossy,ME2-Mossy_00170,sparse,8.0,Dataset004_ME2-Mossy/me2-mossy_train01,0.329,0.693685,0.531025,0.550748,0.93682,0.693685,0.995723,0.996029,81242,66270,5479,16624225,86721,147512,676296,0.128229,0.676162,0.545933,ok,74,36,0.418919,0.861111,0.563636,0.392405,0.405405,0.833333,0.545455,0.375,0.511118,0.906822,0.563636
mitonet,mito,zenodo_mitoem2,MitoEM2-Mossy,ME2-Mossy_00171,sparse,8.0,Dataset004_ME2-Mossy/me2-mossy_train01,0.552,0.72112,0.563868,0.575854,0.964401,0.72112,0.996343,0.996501,79321,58424,2928,16636543,82249,137745,660970,0.124437,0.739903,0.589505,ok,72,32,0.388889,0.875,0.538462,0.368421,0.361111,0.8125,0.5,0.333333,0.482245,0.895598,0.538462
mitonet,mito,zenodo_mitoem2,MitoEM2-Mossy,ME2-Mossy_00172,sparse,8.0,Dataset004_ME2-Mossy/me2-mossy_train01,0.314,0.814032,0.686386,0.697167,0.977967,0.814032,0.998413,0.998486,58279,25315,1313,16692309,59592,83594,273920,0.217553,0.751509,0.692187,ok,34,21,0.558824,0.904762,0.690909,0.527778,0.558824,0.904762,0.690909,0.527778,0.644724,0.933153,0.690909
mitonet,mito,zenodo_mitoem2,MitoEM2-Mossy,ME2-Mossy_00173,sparse,8.0,Dataset004_ME2-Mossy/me2-mossy_train01,0.491,0.726586,0.570581,0.583083,0.963785,0.726586,0.996306,0.996473,82340,58875,3094,16632907,85434,141215,458337,0.1864,0.732711,0.561475,ok,56,25,0.410714,0.92,0.567901,0.396552,0.392857,0.88,0.54321,0.372881,0.497007,0.875164,0.567901
mitonet,mito,zenodo_mitoem2,MitoEM2-Mossy,ME2-Mossy_00174,sparse,8.0,Dataset004_ME2-Mossy/me2-mossy_train01,0.293,0.701299,0.54,0.563767,0.927583,0.701299,0.997669,0.997876,45907,35522,3584,16692203,49491,81429,326469,0.151595,0.718838,0.559054,ok,41,22,0.439024,0.818182,0.571429,0.4,0.365854,0.681818,0.47619,0.3125,0.487506,0.853136,0.571429
mitonet,mito,zenodo_mitoem2,MitoEM2-Mossy,ME2-Mossy_00175,sparse,8.0,Dataset004_ME2-Mossy/me2-mossy_train01,0.45,0.706227,0.545866,0.548766,0.990413,0.706227,0.998099,0.998117,38328,31516,371,16707001,38699,69844,234624,0.164941,0.713822,0.612199,ok,30,15,0.5,1.0,0.666667,0.5,0.5,1.0,0.666667,0.5,0.601808,0.902712,0.666667
mitonet,mito,zenodo_mitoem2,MitoEM2-Mossy,ME2-Mossy_00176,sparse,8.0,Dataset004_ME2-Mossy/me2-mossy_train01,0.313,0.781885,0.641882,0.649563,0.981912,0.781885,0.999161,0.999187,25242,13618,465,16737891,25707,38860,134900,0.190563,0.695652,0.703233,ok,17,9,0.529412,1.0,0.692308,0.529412,0.529412,1.0,0.692308,0.529412,0.640992,0.925878,0.692308
mitonet,mito,zenodo_mitoem2,MitoEM2-Mossy,ME2-Mossy_00177,sparse,8.0,Dataset004_ME2-Mossy/me2-mossy_train01,0.228,0.647829,0.479103,0.48534,0.973877,0.647829,0.999147,0.999168,13160,13955,353,16749748,13513,27115,97240,0.138965,0.453552,0.535624,ok,13,5,0.384615,1.0,0.555556,0.384615,0.307692,0.8,0.444444,0.285714,0.480898,0.865617,0.555556
mitonet,mito,zenodo_mitoem2,MitoEM2-Mossy,ME2-Mossy_00178,sparse,8.0,Dataset004_ME2-Mossy/me2-mossy_train01,0.347,0.902491,0.822309,0.828172,0.991464,0.902491,0.999804,0.999812,15216,3157,131,16758712,15347,18373,28392,0.54054,0.904977,0.677445,ok,8,6,0.75,1.0,0.857143,0.75,0.625,0.833333,0.714286,0.555556,0.686924,0.801411,0.857143
mitonet,mito,zenodo_mitoem2,MitoEM2-Mossy,ME2-Mossy_00179,sparse,8.0,Dataset004_ME2-Mossy/me2-mossy_train01,0.174,0.896668,0.812691,0.9522,0.847256,0.896668,0.999825,0.999962,12769,641,2302,16761504,15071,13410,38480,0.391658,0.877006,0.727058,ok,5,7,0.8,0.571429,0.666667,0.5,0.4,0.285714,0.333333,0.2,0.518916,0.778373,0.666667
mitonet,mito,zenodo_mitoem2,MitoEM2-Mossy,ME2-Mossy_00180,sparse,8.0,Dataset004_ME2-Mossy/me2-mossy_train01,0.2,0.820663,0.695868,1.0,0.695868,0.820663,0.999989,1.0,421,0,184,16776611,605,421,9072,0.066689,0.9,0.525205,ok,1,2,1.0,0.5,0.666667,0.5,0.0,0.0,0.0,0.0,0.465451,0.698176,0.666667
mitonet,mito,zenodo_mitoem2,MitoEM2-Mossy,ME2-Mossy_00181,sparse,8.0,Dataset004_ME2-Mossy/me2-mossy_train02,0.972,0.949001,0.902952,0.975846,0.923594,0.949001,0.999952,0.999989,7555,187,625,16768849,8180,7742,15616,0.523822,1.0,0.723729,ok,3,3,0.666667,0.666667,0.666667,0.5,0.666667,0.666667,0.666667,0.5,0.608857,0.913286,0.666667
mitonet,mito,zenodo_mitoem2,MitoEM2-Mossy,ME2-Mossy_00182,sparse,8.0,Dataset004_ME2-Mossy/me2-mossy_train02,1.012,0.929042,0.867487,0.90147,0.958354,0.929042,0.999841,0.999886,17420,1904,757,16757135,18177,19324,39184,0.463888,0.950022,0.649536,ok,7,4,0.285714,0.5,0.363636,0.222222,0.285714,0.5,0.363636,0.222222,0.322434,0.886694,0.363636
mitonet,mito,zenodo_mitoem2,MitoEM2-Mossy,ME2-Mossy_00183,sparse,8.0,Dataset004_ME2-Mossy/me2-mossy_train02,0.637,0.423713,0.268805,0.301163,0.714431,0.423713,0.997502,0.997866,15406,35749,6158,16719903,21564,51155,266600,0.080885,0.422129,0.264677,ok,28,8,0.25,0.875,0.388889,0.241379,0.25,0.875,0.388889,0.241379,0.327169,0.841291,0.388889
mitonet,mito,zenodo_mitoem2,MitoEM2-Mossy,ME2-Mossy_00184,sparse,8.0,Dataset004_ME2-Mossy/me2-mossy_train02,0.593,0.618179,0.447365,0.462505,0.93182,0.618179,0.996576,0.996769,46509,54050,3403,16673254,49912,100559,412848,0.120897,0.702372,0.486961,ok,47,14,0.255319,0.857143,0.393443,0.244898,0.212766,0.714286,0.327869,0.196078,0.33659,0.855499,0.393443
mitonet,mito,zenodo_mitoem2,MitoEM2-Mossy,ME2-Mossy_00185,sparse,8.0,Dataset004_ME2-Mossy/me2-mossy_train02,0.686,0.754013,0.605154,0.674332,0.855048,0.754013,0.99878,0.999095,31376,15153,5319,16725368,36695,46529,221480,0.165681,0.721505,0.600169,ok,27,14,0.444444,0.857143,0.585366,0.413793,0.37037,0.714286,0.487805,0.322581,0.50159,0.856884,0.585366
mitonet,mito,zenodo_mitoem2,MitoEM2-Mossy,ME2-Mossy_00186,sparse,8.0,Dataset004_ME2-Mossy/me2-mossy_train02,0.632,0.610364,0.439226,0.453177,0.934503,0.610364,0.997686,0.997809,30405,36688,2131,16707992,32536,67093,271982,0.119626,0.531832,0.508915,ok,37,14,0.324324,0.857143,0.470588,0.307692,0.27027,0.714286,0.392157,0.243902,0.397545,0.844783,0.470588
mitonet,mito,zenodo_mitoem2,MitoEM2-Mossy,ME2-Mossy_00187,sparse,8.0,Dataset004_ME2-Mossy/me2-mossy_train02,1.298,0.375275,0.230977,0.236535,0.907676,0.375275,0.994582,0.994738,27302,88123,2777,16659014,30079,115425,732320,0.041074,0.358754,0.318058,ok,71,17,0.225352,0.941176,0.363636,0.222222,0.197183,0.823529,0.318182,0.189189,0.313456,0.862005,0.363636
mitonet,mito,zenodo_mitoem2,MitoEM2-Mossy,ME2-Mossy_00188,sparse,8.0,Dataset004_ME2-Mossy/me2-mossy_train02,1.053,0.329251,0.197068,0.203607,0.859875,0.329251,0.991286,0.991614,35880,140342,5847,16595147,41727,176222,1045476,0.039912,0.401905,0.327864,ok,93,24,0.204301,0.791667,0.324786,0.193878,0.204301,0.791667,0.324786,0.193878,0.29423,0.905919,0.324786
mitonet,mito,zenodo_mitoem2,MitoEM2-Mossy,ME2-Mossy_00189,sparse,8.0,Dataset004_ME2-Mossy/me2-mossy_train02,0.552,0.580993,0.409437,0.415668,0.964679,0.580993,0.994982,0.995092,58366,82049,2137,16634664,60503,140415,888572,0.06809,0.646637,0.566702,ok,76,29,0.342105,0.896552,0.495238,0.329114,0.263158,0.689655,0.380952,0.235294,0.407592,0.823022,0.495238
mitonet,mito,zenodo_mitoem2,MitoEM2-Mossy,ME2-Mossy_00190,sparse,8.0,Dataset004_ME2-Mossy/me2-mossy_train02,0.554,0.58065,0.409095,0.423622,0.922661,0.58065,0.994531,0.994827,63528,86436,5325,16621927,68853,149964,1140984,0.060345,0.645536,0.578866,ok,89,31,0.303371,0.870968,0.45,0.290323,0.247191,0.709677,0.366667,0.22449,0.375116,0.833591,0.45
mitonet,mito,zenodo_mitoem2,MitoEM2-Mossy,ME2-Mossy_00191,sparse,8.0,Dataset004_ME2-Mossy/me2-mossy_train02,0.657,0.605373,0.434076,0.449022,0.928778,0.605373,0.993366,0.993722,85364,104747,6546,16580559,91910,190111,976320,0.094139,0.687869,0.603018,ok,107,41,0.364486,0.95122,0.527027,0.357798,0.242991,0.634146,0.351351,0.213115,0.421991,0.800701,0.527027
mitonet,mito,zenodo_mitoem2,MitoEM2-Mossy,ME2-Mossy_00192,sparse,8.0,Dataset004_ME2-Mossy/me2-mossy_train02,0.688,0.608353,0.437146,0.455413,0.915955,0.608353,0.992523,0.993012,97421,116497,8939,16554359,106360,213918,992680,0.107144,0.738882,0.605957,ok,114,48,0.342105,0.8125,0.481481,0.317073,0.219298,0.520833,0.308642,0.182482,0.386339,0.802397,0.481481
mitonet,mito,zenodo_mitoem2,MitoEM2-Mossy,ME2-Mossy_00193,sparse,8.0,Dataset004_ME2-Mossy/me2-mossy_train02,0.687,0.659873,0.492396,0.526894,0.882636,0.659873,0.992575,0.99348,120839,108503,16068,16531806,136907,229342,1198770,0.114206,0.742102,0.642379,ok,119,65,0.420168,0.769231,0.543478,0.373134,0.336134,0.615385,0.434783,0.277778,0.446711,0.821948,0.543478
mitonet,mito,zenodo_mitoem2,MitoEM2-Mossy,ME2-Mossy_00194,sparse,8.0,Dataset004_ME2-Mossy/me2-mossy_train02,0.821,0.655452,0.487489,0.503847,0.937559,0.655452,0.993963,0.994311,96337,94866,6416,16579597,102753,191203,913230,0.112516,0.750565,0.642669,ok,99,39,0.353535,0.897436,0.507246,0.339806,0.242424,0.615385,0.347826,0.210526,0.394445,0.777621,0.507246
mitonet,mito,zenodo_mitoem2,MitoEM2-Mossy,ME2-Mossy_00195,sparse,8.0,Dataset004_ME2-Mossy/me2-mossy_train02,0.529,0.462555,0.30086,0.308083,0.927702,0.462555,0.992845,0.993062,51660,116022,4026,16605508,55686,167682,937687,0.059387,0.528783,0.462814,ok,90,27,0.222222,0.740741,0.34188,0.206186,0.155556,0.518519,0.239316,0.135922,0.264322,0.773142,0.34188
mitonet,mito,zenodo_mitoem2,MitoEM2-Mossy,ME2-Mossy_00196,sparse,8.0,Dataset004_ME2-Mossy/me2-mossy_train02,0.62,0.754054,0.605206,0.611575,0.983086,0.754054,0.998734,0.998765,32548,20672,560,16723436,33108,53220,194208,0.170477,0.77003,0.588858,ok,32,20,0.625,1.0,0.769231,0.625,0.53125,0.85,0.653846,0.485714,0.631372,0.820783,0.769231
mitonet,mito,zenodo_mitoem2,MitoEM2-Mossy,ME2-Mossy_00197,sparse,8.0,Dataset004_ME2-Mossy/me2-mossy_train02,0.487,0.267411,0.154342,0.156257,0.926428,0.267411,0.994403,0.994478,17138,92540,1361,16666177,18499,109678,743728,0.024873,0.306789,0.256124,ok,47,9,0.191489,1.0,0.321429,0.191489,0.191489,1.0,0.321429,0.191489,0.284354,0.884656,0.321429
mitonet,mito,zenodo_mitoem2,MitoEM2-Mossy,ME2-Mossy_00198,sparse,8.0,Dataset004_ME2-Mossy/me2-mossy_train02,0.502,0.556949,0.385952,0.437295,0.766749,0.556949,0.999646,0.999714,3731,4801,1135,16767549,4866,8532,51936,0.093692,0.649789,0.4568,ok,6,2,0.333333,1.0,0.5,0.333333,0.0,0.0,0.0,0.0,0.296821,0.593641,0.5
mitonet,mito,zenodo_mitoem2,MitoEM2-Mossy,ME2-Mossy_00199,sparse,8.0,Dataset004_ME2-Mossy/me2-mossy_train02,0.676,0.983678,0.96788,0.981187,0.986182,0.983678,0.999997,0.999998,1356,26,19,16775815,1375,1382,1806,0.761351,1.0,1.0,ok,1,1,1.0,1.0,1.0,1.0,1.0,1.0,1.0,1.0,0.96788,0.96788,1.0
mitonet,mito,zenodo_mitoem2,MitoEM2-Mossy,ME2-Mossy_00200,sparse,8.0,Dataset004_ME2-Mossy/me2-mossy_train03,0.356,0.717236,0.559133,0.561791,0.991607,0.717236,0.99935,0.999357,13824,10783,117,16752492,13941,24607,79632,0.175068,0.72044,0.585961,ok,9,2,0.111111,0.5,0.181818,0.1,0.0,0.0,0.0,0.0,0.091174,0.501458,0.181818
mitonet,mito,zenodo_mitoem2,MitoEM2-Mossy,ME2-Mossy_00201,sparse,8.0,Dataset004_ME2-Mossy/me2-mossy_train03,0.458,0.554737,0.383831,0.397249,0.919118,0.554737,0.997483,0.997617,26307,39916,2315,16708678,28622,66223,355113,0.0806,0.629504,0.445718,ok,33,6,0.090909,0.5,0.153846,0.083333,0.090909,0.5,0.153846,0.083333,0.144761,0.940948,0.153846
mitonet,mito,zenodo_mitoem2,MitoEM2-Mossy,ME2-Mossy_00202,sparse,8.0,Dataset004_ME2-Mossy/me2-mossy_train03,0.3,0.603102,0.431744,0.453639,0.899447,0.603102,0.997997,0.998164,25529,30747,2854,16718086,28383,56276,310717,0.091347,0.667869,0.507292,ok,32,11,0.28125,0.818182,0.418605,0.264706,0.1875,0.545455,0.27907,0.162162,0.34016,0.812606,0.418605
mitonet,mito,zenodo_mitoem2,MitoEM2-Mossy,ME2-Mossy_00203,sparse,8.0,Dataset004_ME2-Mossy/me2-mossy_train03,0.318,0.816834,0.69038,0.710974,0.959732,0.816834,0.999371,0.999429,23524,9563,987,16743142,24511,33087,138355,0.17716,0.8374,0.767758,ok,18,12,0.666667,1.0,0.8,0.666667,0.555556,0.833333,0.666667,0.5,0.697539,0.871923,0.8
mitonet,mito,zenodo_mitoem2,MitoEM2-Mossy,ME2-Mossy_00204,sparse,8.0,Dataset004_ME2-Mossy/me2-mossy_train03,0.368,0.416372,0.262923,0.275327,0.853716,0.416372,0.995065,0.995357,29536,77740,5061,16664879,34597,107276,517760,0.066821,0.455558,0.347018,ok,56,12,0.196429,0.916667,0.323529,0.192982,0.142857,0.666667,0.235294,0.133333,0.266337,0.823225,0.323529
mitonet,mito,zenodo_mitoem2,MitoEM2-Mossy,ME2-Mossy_00205,sparse,8.0,Dataset004_ME2-Mossy/me2-mossy_train03,0.39,0.408528,0.256699,0.274768,0.796058,0.408528,0.992493,0.993135,43495,114802,11143,16607776,54638,158297,922960,0.059199,0.439338,0.344476,ok,78,18,0.179487,0.777778,0.291667,0.170732,0.179487,0.777778,0.291667,0.170732,0.264012,0.905183,0.291667
mitonet,mito,zenodo_mitoem2,MitoEM2-Mossy,ME2-Mossy_00206,sparse,8.0,Dataset004_ME2-Mossy/me2-mossy_train03,0.361,0.466518,0.304221,0.3147,0.90134,0.466518,0.991879,0.992237,59575,129732,6521,16581388,66096,189307,927243,0.071282,0.612877,0.434148,ok,95,25,0.210526,0.8,0.333333,0.2,0.157895,0.6,0.25,0.142857,0.274143,0.822428,0.333333
mitonet,mito,zenodo_mitoem2,MitoEM2-Mossy,ME2-Mossy_00207,sparse,8.0,Dataset004_ME2-Mossy/me2-mossy_train03,0.49,0.587908,0.416339,0.433294,0.914085,0.587908,0.995446,0.995737,54495,71274,5122,16646325,59617,125769,566304,0.105274,0.650439,0.44018,ok,65,24,0.292308,0.791667,0.426966,0.271429,0.261538,0.708333,0.382022,0.236111,0.371752,0.870683,0.426966
mitonet,mito,zenodo_mitoem2,MitoEM2-Mossy,ME2-Mossy_00208,sparse,8.0,Dataset004_ME2-Mossy/me2-mossy_train03,0.358,0.686953,0.523175,0.544837,0.929372,0.686953,0.997861,0.998035,39371,32891,2992,16701962,42363,72262,315372,0.134327,0.734168,0.518798,ok,39,22,0.410256,0.727273,0.52459,0.355556,0.333333,0.590909,0.42623,0.270833,0.436497,0.832072,0.52459
mitonet,mito,zenodo_mitoem2,MitoEM2-Mossy,ME2-Mossy_00209,sparse,8.0,Dataset004_ME2-Mossy/me2-mossy_train03,0.456,0.666007,0.499258,0.504767,0.978607,0.666007,0.996319,0.996386,61571,60408,1346,16653891,62917,121979,475800,0.132234,0.675106,0.53649,ok,62,25,0.354839,0.88,0.505747,0.338462,0.322581,0.8,0.45977,0.298507,0.438463,0.866962,0.505747
mitonet,mito,zenodo_mitoem2,MitoEM2-Mossy,ME2-Mossy_00210,sparse,8.0,Dataset004_ME2-Mossy/me2-mossy_train03,0.676,0.563701,0.392468,0.399738,0.95571,0.563701,0.992389,0.992578,82494,123876,3823,16567023,86317,206370,812844,0.106191,0.599012,0.438293,ok,106,36,0.301887,0.888889,0.450704,0.290909,0.264151,0.777778,0.394366,0.245614,0.385292,0.854867,0.450704
mitonet,mito,zenodo_mitoem2,MitoEM2-Mossy,ME2-Mossy_00211,sparse,8.0,Dataset004_ME2-Mossy/me2-mossy_train03,0.42,0.540311,0.370155,0.373786,0.974425,0.540311,0.993497,0.993572,64123,107427,1683,16603983,65806,171550,699344,0.094097,0.561519,0.448723,ok,80,27,0.2875,0.851852,0.429907,0.27381,0.2625,0.777778,0.392523,0.244186,0.378322,0.88001,0.429907
mitonet,mito,zenodo_mitoem2,MitoEM2-Mossy,ME2-Mossy_00212,sparse,8.0,Dataset004_ME2-Mossy/me2-mossy_train03,0.362,0.612563,0.441507,0.445897,0.978186,0.612563,0.994895,0.994964,67713,84145,1510,16623848,69223,151858,607590,0.11393,0.680879,0.445296,ok,73,30,0.39726,0.966667,0.563107,0.391892,0.356164,0.866667,0.504854,0.337662,0.48722,0.865235,0.563107
mitonet,mito,zenodo_mitoem2,MitoEM2-Mossy,ME2-Mossy_00213,sparse,8.0,Dataset004_ME2-Mossy/me2-mossy_train03,0.378,0.489301,0.323891,0.343789,0.848393,0.489301,0.994759,0.995194,42121,80399,7527,16647169,49648,122520,631120,0.078666,0.4533,0.373931,ok,67,19,0.238806,0.842105,0.372093,0.228571,0.208955,0.736842,0.325581,0.194444,0.327956,0.881381,0.372093
mitonet,mito,zenodo_mitoem2,MitoEM2-Mossy,ME2-Mossy_00214,sparse,8.0,Dataset004_ME2-Mossy/me2-mossy_train03,0.507,0.340345,0.205069,0.210762,0.88362,0.340345,0.993244,0.993461,29239,109491,3851,16634635,33090,138730,647634,0.051094,0.35091,0.274372,ok,70,14,0.142857,0.714286,0.238095,0.135135,0.114286,0.571429,0.190476,0.105263,0.201779,0.847472,0.238095
mitonet,mito,zenodo_mitoem2,MitoEM2-Mossy,ME2-Mossy_00215,sparse,8.0,Dataset004_ME2-Mossy/me2-mossy_train03,0.343,0.30167,0.177628,0.184897,0.818773,0.30167,0.994403,0.994663,20281,89407,4489,16663039,24770,109688,581543,0.042594,0.368045,0.239838,ok,46,9,0.152174,0.777778,0.254545,0.145833,0.130435,0.666667,0.218182,0.122449,0.214361,0.842131,0.254545
mitonet,mito,zenodo_mitoem2,MitoEM2-Mossy,ME2-Mossy_00216,sparse,8.0,Dataset004_ME2-Mossy/me2-mossy_train03,0.492,0.322762,0.192437,0.192861,0.988692,0.322762,0.997485,0.99749,10055,42081,115,16724965,10170,52136,301693,0.03371,0.351885,0.268275,ok,29,5,0.137931,0.8,0.235294,0.133333,0.137931,0.8,0.235294,0.133333,0.218271,0.92765,0.235294
mitonet,mito,zenodo_mitoem2,MitoEM2-Mossy,ME2-Mossy_00217,sparse,8.0,Dataset004_ME2-Mossy/me2-mossy_train03,0.285,0.0,0.0,nan,0.0,0.0,0.999928,1.0,0,0,1213,16776003,1213,0,1620,0.748765,0.0,0.0,ok,0,1,nan,0.0,0.0,0.0,nan,0.0,0.0,0.0,0.0,0.0,0.0
